-0.00056503399991925	'/minibee/data'	7	1.0	1.0	1.0	1.0	1.0	0.50225859880447	0.49346843361855	0.53058236837387
0.0027885740000784	'/videorec/record/start'	'conceptors_171127_141729_1.avi'
0.0584159980001	'/videorec/frame'	0
0.063264388000107	'/minibee/data'	7	1.0	1.0	1.0	1.0	1.0	0.50250273942947	0.49273592233658	0.53107070922852
0.12154954000016	'/videorec/frame'	1
0.12720819700007	'/minibee/data'	7	1.0	1.0	1.0	1.0	1.0	0.50213646888733	0.49236968159676	0.53180319070816
0.17982462800001	'/videorec/frame'	2
0.190996068	'/minibee/data'	7	1.0	1.0	1.0	1.0	1.0	0.50250273942947	0.49212551116943	0.53192526102066
0.23825768500001	'/videorec/frame'	3
0.23882445499999	'/minibee/data'	7	1.0	1.0	1.0	1.0	1.0	0.5047003030777	0.49163717031479	0.53058236837387
0.29324095600009	'/videorec/frame'	4
0.30252609400009	'/minibee/data'	7	1.0	1.0	1.0	1.0	1.0	0.50604319572449	0.49188134074211	0.52850687503815
0.35360999600016	'/videorec/frame'	5
0.36651167400009	'/minibee/data'	7	1.0	1.0	1.0	1.0	1.0	0.50836282968521	0.49249175190926	0.52655351161957
0.41922155900011	'/videorec/frame'	6
0.43050027200002	'/minibee/data'	7	1.0	1.0	1.0	1.0	1.0	0.51007205247879	0.49200341105461	0.52508848905563
0.47452097300015	'/videorec/frame'	7
0.49427610400016	'/minibee/data'	7	1.0	1.0	1.0	1.0	1.0	0.51263582706451	0.49127089977264	0.52386766672134
0.53845791900017	'/videorec/frame'	8
0.55816628700018	'/minibee/data'	7	1.0	1.0	1.0	1.0	1.0	0.51422291994095	0.48931753635406	0.52203637361526
0.59932952600002	'/videorec/frame'	9
0.62197332200003	'/minibee/data'	7	1.0	1.0	1.0	1.0	1.0	0.51568794250488	0.48980587720871	0.51983886957169
0.67296445300008	'/videorec/frame'	10
0.68592540600002	'/minibee/data'	7	1.0	1.0	1.0	1.0	1.0	0.51776337623596	0.4885850250721	0.51690882444382
0.73988310599998	'/videorec/frame'	11
0.74967786900015	'/minibee/data'	7	1.0	1.0	1.0	1.0	1.0	0.51788550615311	0.48870712518692	0.51446712017059
0.813369706	'/minibee/data'	7	1.0	1.0	1.0	1.0	1.0	0.51764130592346	0.48968380689621	0.51336830854416
0.813701197	'/videorec/frame'	12
0.87743758100009	'/minibee/data'	7	1.0	1.0	1.0	1.0	1.0	0.51654255390167	0.48956170678139	0.51434499025345
0.89126071300007	'/videorec/frame'	13
0.94123694400014	'/minibee/data'	7	1.0	1.0	1.0	1.0	1.0	0.51654255390167	0.49041631817818	0.51581001281738
0.97060645800002	'/videorec/frame'	14
1.005022909	'/minibee/data'	7	1.0	1.0	1.0	1.0	1.0	0.51519960165024	0.48968380689621	0.51947259902954
1.0516745480002	'/videorec/frame'	15
1.068966521	'/minibee/data'	7	1.0	1.0	1.0	1.0	1.0	0.51275789737701	0.49041631817818	0.52276891469955
1.132508832	'/minibee/data'	7	1.0	1.0	1.0	1.0	1.0	0.50982785224915	0.49017214775085	0.52411180734634
1.132873905	'/videorec/frame'	16
1.1966958330001	'/minibee/data'	7	1.0	1.0	1.0	1.0	1.0	0.50885117053986	0.49090465903282	0.52594310045242
1.2097873920002	'/videorec/frame'	17
1.260308265	'/minibee/data'	7	1.0	1.0	1.0	1.0	1.0	0.50799655914307	0.49200341105461	0.52704185247421
1.287473136	'/videorec/frame'	18
1.3241299620001	'/minibee/data'	7	1.0	1.0	1.0	1.0	1.0	0.50579905509949	0.49310219287872	0.5277743935585
1.3660028670001	'/videorec/frame'	19
1.3720182230002	'/minibee/data'	7	1.0	1.0	1.0	1.0	1.0	0.50384569168091	0.49432304501534	0.52972775697708
1.435912375	'/minibee/data'	7	1.0	1.0	1.0	1.0	1.0	0.50128191709518	0.49456721544266	0.53009402751923
1.4517664980001	'/videorec/frame'	20
1.4998424370001	'/minibee/data'	7	1.0	1.0	1.0	1.0	1.0	0.50006103515625	0.49578806757927	0.53082650899887
1.5319279550001	'/videorec/frame'	21
1.5636745940001	'/minibee/data'	7	1.0	1.0	1.0	1.0	1.0	0.49969479441643	0.49652057886124	0.53119277954102
1.6121819060002	'/videorec/frame'	22
1.6273055410002	'/minibee/data'	7	1.0	1.0	1.0	1.0	1.0	0.49810767173767	0.49798560142517	0.53253573179245
1.690368538	'/videorec/frame'	23
1.6911660220001	'/minibee/data'	7	1.0	1.0	1.0	1.0	1.0	0.49859601259232	0.49835184216499	0.53241360187531
1.7551650770001	'/minibee/data'	7	1.0	1.0	1.0	1.0	1.0	0.49627640843391	0.49761933088303	0.53509950637817
1.770036076	'/videorec/frame'	24
1.819124607	'/minibee/data'	7	1.0	1.0	1.0	1.0	1.0	0.49566596746445	0.49603223800659	0.53790748119354
1.8518115500001	'/videorec/frame'	25
1.8830242420001	'/minibee/data'	7	1.0	1.0	1.0	1.0	1.0	0.49529972672462	0.49407887458801	0.5375412106514
1.931660921	'/videorec/frame'	26
1.9466234450001	'/minibee/data'	7	1.0	1.0	1.0	1.0	1.0	0.49688681960106	0.4929800927639	0.53570991754532
2.0097920770002	'/videorec/frame'	27
2.010583684	'/minibee/data'	7	1.0	1.0	1.0	1.0	1.0	0.49920645356178	0.49346843361855	0.53070443868637
2.0744416740001	'/minibee/data'	7	1.0	1.0	1.0	1.0	1.0	0.50164812803268	0.49383470416069	0.52496641874313
2.0902535330001	'/videorec/frame'	28
2.138268078	'/minibee/data'	7	1.0	1.0	1.0	1.0	1.0	0.50836282968521	0.4950555562973	0.52142596244812
2.1596401450001	'/videorec/frame'	29
2.2021470040002	'/minibee/data'	7	1.0	1.0	1.0	1.0	1.0	0.51287996768951	0.49432304501534	0.51983886957169
2.231613832	'/videorec/frame'	30
2.266107529	'/minibee/data'	7	1.0	1.0	1.0	1.0	1.0	0.51617628335953	0.49334636330605	0.51849591732025
2.2932875880001	'/videorec/frame'	31
2.32973924	'/minibee/data'	7	1.0	1.0	1.0	1.0	1.0	0.51654255390167	0.49236968159676	0.51800757646561
2.3653847760002	'/videorec/frame'	32
2.393542538	'/minibee/data'	7	1.0	1.0	1.0	1.0	1.0	0.51703089475632	0.49175924062729	0.51654255390167
2.441748144	'/videorec/frame'	33
2.457473341	'/minibee/data'	7	1.0	1.0	1.0	1.0	1.0	0.51788550615311	0.49151507019997	0.51324623823166
2.511735803	'/videorec/frame'	34
2.5215144370002	'/minibee/data'	7	1.0	1.0	1.0	1.0	1.0	0.5188621878624	0.49127089977264	0.51178121566772
2.5690775730002	'/minibee/data'	7	1.0	1.0	1.0	1.0	1.0	0.51849591732025	0.49212551116943	0.51324623823166
2.5810954190001	'/videorec/frame'	35
2.633021694	'/minibee/data'	7	1.0	1.0	1.0	1.0	1.0	0.51507753133774	0.49273592233658	0.51788550615311
2.6523113330002	'/videorec/frame'	36
2.696868146	'/minibee/data'	7	1.0	1.0	1.0	1.0	1.0	0.51483333110809	0.49407887458801	0.52044928073883
2.7189210060001	'/videorec/frame'	37
2.7607567310001	'/minibee/data'	7	1.0	1.0	1.0	1.0	1.0	0.51043826341629	0.49371260404587	0.5233793258667
2.7915584510001	'/videorec/frame'	38
2.8245568720001	'/minibee/data'	7	1.0	1.0	1.0	1.0	1.0	0.50787448883057	0.49456721544266	0.52716398239136
2.857804687	'/videorec/frame'	39
2.8884109820001	'/minibee/data'	7	1.0	1.0	1.0	1.0	1.0	0.50579905509949	0.49212551116943	0.52960568666458
2.9304886250002	'/videorec/frame'	40
2.952427385	'/minibee/data'	7	1.0	1.0	1.0	1.0	1.0	0.50311315059662	0.49334636330605	0.53265780210495
2.9972787090001	'/videorec/frame'	41
3.0161428060001	'/minibee/data'	7	1.0	1.0	1.0	1.0	1.0	0.50030523538589	0.49188134074211	0.53570991754532
3.071331738	'/videorec/frame'	42
3.080204872	'/minibee/data'	7	1.0	1.0	1.0	1.0	1.0	0.50006103515625	0.49334636330605	0.53473323583603
3.1373532320001	'/videorec/frame'	43
3.144139107	'/minibee/data'	7	1.0	1.0	1.0	1.0	1.0	0.49884018301964	0.4950555562973	0.53375655412674
3.2076375040001	'/minibee/data'	7	1.0	1.0	1.0	1.0	1.0	0.49945062398911	0.49591013789177	0.53070443868637
3.2127996920001	'/videorec/frame'	44
3.2715514390002	'/minibee/data'	7	1.0	1.0	1.0	1.0	1.0	0.50006103515625	0.49603223800659	0.52838480472565
3.279739608	'/videorec/frame'	45
3.3352509250001	'/minibee/data'	7	1.0	1.0	1.0	1.0	1.0	0.50018310546875	0.49652057886124	0.52740812301636
3.3450578510001	'/videorec/frame'	46
3.3992597900001	'/minibee/data'	7	1.0	1.0	1.0	1.0	1.0	0.50079357624054	0.49652057886124	0.52691978216171
3.4178717720001	'/videorec/frame'	47
3.463143921	'/minibee/data'	7	1.0	1.0	1.0	1.0	1.0	0.50152605772018	0.49652057886124	0.52716398239136
3.4903102130002	'/videorec/frame'	48
3.5269271440002	'/minibee/data'	7	1.0	1.0	1.0	1.0	1.0	0.50128191709518	0.49639847874641	0.5277743935585
3.5714868530001	'/videorec/frame'	49
3.5908511120001	'/minibee/data'	7	1.0	1.0	1.0	1.0	1.0	0.50115978717804	0.49603223800659	0.5280185341835
