0.0011429779999617	'/videorec/record/start'	'conceptors_171127_141814_0.avi'
0.035747164999975	'/minibee/data'	7	1.0	1.0	1.0	1.0	1.0	0.50592112541199	0.50775241851807	0.53509950637817
0.037297685999874	'/videorec/frame'	0
0.099782632999904	'/minibee/data'	7	1.0	1.0	1.0	1.0	1.0	0.51019412279129	0.4928580224514	0.52386766672134
0.10200304399996	'/videorec/frame'	1
0.16088791499988	'/videorec/frame'	2
0.16363329199999	'/minibee/data'	7	1.0	1.0	1.0	1.0	1.0	0.51861798763275	0.51141494512558	0.49969479441643
0.21153085499986	'/minibee/data'	7	1.0	1.0	1.0	1.0	1.0	0.52447807788849	0.52423393726349	0.47686484456062
0.21984935	'/videorec/frame'	3
0.27536587600002	'/minibee/data'	7	1.0	1.0	1.0	1.0	1.0	0.53387862443924	0.50640946626663	0.47967281937599
0.28261172399993	'/videorec/frame'	4
0.33913445400003	'/minibee/data'	7	1.0	1.0	1.0	1.0	1.0	0.53522157669067	0.50653153657913	0.48712000250816
0.341326278	'/videorec/frame'	5
0.40312521999999	'/minibee/data'	7	1.0	1.0	1.0	1.0	1.0	0.51495546102524	0.52704185247421	0.49188134074211
0.40393066299998	'/videorec/frame'	6
0.46213063200003	'/videorec/frame'	7
0.46694875100002	'/minibee/data'	7	1.0	1.0	1.0	1.0	1.0	0.50616532564163	0.53570991754532	0.50457817316055
0.52133328599984	'/videorec/frame'	8
0.53082377700002	'/minibee/data'	7	1.0	1.0	1.0	1.0	1.0	0.48821878433228	0.53790748119354	0.52496641874313
0.5831901439999	'/videorec/frame'	9
0.59477735699988	'/minibee/data'	7	1.0	1.0	1.0	1.0	1.0	0.49249175190926	0.53046023845673	0.52838480472565
0.64132294899991	'/videorec/frame'	10
0.65870788899997	'/minibee/data'	7	1.0	1.0	1.0	1.0	1.0	0.50177025794983	0.48284703493118	0.51141494512558
0.70408626899984	'/videorec/frame'	11
0.72253110399993	'/minibee/data'	7	1.0	1.0	1.0	1.0	1.0	0.49798560142517	0.45281407237053	0.51532167196274
0.76071540699991	'/videorec/frame'	12
0.78627778299983	'/minibee/data'	7	1.0	1.0	1.0	1.0	1.0	0.48870712518692	0.46111586689949	0.51251375675201
0.82359137000003	'/videorec/frame'	13
0.85026873399988	'/minibee/data'	7	1.0	1.0	1.0	1.0	1.0	0.47564399242401	0.47832986712456	0.52240264415741
0.8811979269999	'/videorec/frame'	14
0.91361302399991	'/minibee/data'	7	1.0	1.0	1.0	1.0	1.0	0.49981686472893	0.48956170678139	0.5280185341835
0.93977323399986	'/videorec/frame'	15
0.97765325899991	'/minibee/data'	7	1.0	1.0	1.0	1.0	1.0	0.51251375675201	0.48418995738029	0.51019412279129
1.006438503	'/videorec/frame'	16
1.0417562589998	'/minibee/data'	7	1.0	1.0	1.0	1.0	1.0	0.52606517076492	0.4929800927639	0.49908435344696
1.068451248	'/videorec/frame'	17
1.1055429309999	'/minibee/data'	7	1.0	1.0	1.0	1.0	1.0	0.52850687503815	0.50286900997162	0.50421196222305
1.1245619879999	'/videorec/frame'	18
1.169265275	'/minibee/data'	7	1.0	1.0	1.0	1.0	1.0	0.53180319070816	0.51263582706451	0.51129287481308
1.1851761729999	'/videorec/frame'	19
1.2331180229999	'/minibee/data'	7	1.0	1.0	1.0	1.0	1.0	0.51800757646561	0.52435600757599	0.50763034820557
1.2457314549999	'/videorec/frame'	20
1.2970127039998	'/minibee/data'	7	1.0	1.0	1.0	1.0	1.0	0.51226955652237	0.53339028358459	0.48956170678139
1.3063638819999	'/videorec/frame'	21
1.36081917	'/minibee/data'	7	1.0	1.0	1.0	1.0	1.0	0.51739716529846	0.52142596244812	0.47808569669724
1.366182381	'/videorec/frame'	22
1.419656538	'/videorec/frame'	23
1.4246641529999	'/minibee/data'	7	1.0	1.0	1.0	1.0	1.0	0.52044928073883	0.51861798763275	0.47515565156937
1.4723930789999	'/minibee/data'	7	1.0	1.0	1.0	1.0	1.0	0.52057135105133	0.52423393726349	0.47491148114204
1.481039086	'/videorec/frame'	24
1.5365048669998	'/minibee/data'	7	1.0	1.0	1.0	1.0	1.0	0.51764130592346	0.52862900495529	0.47625443339348
1.5458670109999	'/videorec/frame'	25
1.600388175	'/minibee/data'	7	1.0	1.0	1.0	1.0	1.0	0.51642048358917	0.52728605270386	0.47588816285133
1.606683687	'/videorec/frame'	26
1.662183827	'/videorec/frame'	27
1.664024295	'/minibee/data'	7	1.0	1.0	1.0	1.0	1.0	0.51556587219238	0.52411180734634	0.47808569669724
1.724680236	'/videorec/frame'	28
1.727891256	'/minibee/data'	7	1.0	1.0	1.0	1.0	1.0	0.51507753133774	0.52264678478241	0.4786961376667
1.7865382529999	'/videorec/frame'	29
1.7919743529999	'/minibee/data'	7	1.0	1.0	1.0	1.0	1.0	0.51556587219238	0.52276891469955	0.47930654883385
1.8463562499999	'/videorec/frame'	30
1.855804456	'/minibee/data'	7	1.0	1.0	1.0	1.0	1.0	0.51519960165024	0.52289098501205	0.47894030809402
1.9010920639998	'/videorec/frame'	31
1.919539043	'/minibee/data'	7	1.0	1.0	1.0	1.0	1.0	0.51593214273453	0.52264678478241	0.47918447852135
1.959939678	'/videorec/frame'	32
1.9832335229999	'/minibee/data'	7	1.0	1.0	1.0	1.0	1.0	0.51605421304703	0.5233793258667	0.48016116023064
2.022155762	'/videorec/frame'	33
2.0472992799998	'/minibee/data'	7	1.0	1.0	1.0	1.0	1.0	0.51568794250488	0.5233793258667	0.47918447852135
2.0875852069998	'/videorec/frame'	34
2.1111208499999	'/minibee/data'	7	1.0	1.0	1.0	1.0	1.0	0.51556587219238	0.5233793258667	0.47930654883385
2.145800322	'/videorec/frame'	35
2.1749093369999	'/minibee/data'	7	1.0	1.0	1.0	1.0	1.0	0.51544380187988	0.5236234664917	0.47955071926117
2.2075542089999	'/videorec/frame'	36
2.2387594699999	'/minibee/data'	7	1.0	1.0	1.0	1.0	1.0	0.51568794250488	0.5233793258667	0.47991698980331
2.2651906159999	'/videorec/frame'	37
2.3026222409999	'/minibee/data'	7	1.0	1.0	1.0	1.0	1.0	0.51593214273453	0.5235013961792	0.48040533065796
2.327749004	'/videorec/frame'	38
2.3663957599999	'/minibee/data'	7	1.0	1.0	1.0	1.0	1.0	0.51568794250488	0.5233793258667	0.48003906011581
2.3866053739998	'/videorec/frame'	39
2.4301357059999	'/minibee/data'	7	1.0	1.0	1.0	1.0	1.0	0.51568794250488	0.52374559640884	0.47991698980331
2.4418920529999	'/videorec/frame'	40
2.4939271199999	'/minibee/data'	7	1.0	1.0	1.0	1.0	1.0	0.51568794250488	0.52374559640884	0.48016116023064
2.501605082	'/videorec/frame'	41
