0.0005749320000632	'/videorec/record/start'	'conceptors_171127_141814_1.avi'
0.014753228000018	'/minibee/data'	7	1.0	1.0	1.0	1.0	1.0	0.50347942113876	0.48602125048637	0.53546577692032
0.01765529599993	'/videorec/frame'	0
0.078630647999944	'/minibee/data'	7	1.0	1.0	1.0	1.0	1.0	0.49322426319122	0.48809668421745	0.5420583486557
0.081213451999929	'/videorec/frame'	1
0.13970248800001	'/videorec/frame'	2
0.14251846399998	'/minibee/data'	7	1.0	1.0	1.0	1.0	1.0	0.48223659396172	0.48162618279457	0.54694175720215
0.20158341499996	'/videorec/frame'	3
0.20633235800005	'/minibee/data'	7	1.0	1.0	1.0	1.0	1.0	0.4973751604557	0.49578806757927	0.51727503538132
0.25979771399989	'/videorec/frame'	4
0.27051333700001	'/minibee/data'	7	1.0	1.0	1.0	1.0	1.0	0.5138566493988	0.50531071424484	0.48980587720871
0.32041360299991	'/videorec/frame'	5
0.33375259900004	'/minibee/data'	7	1.0	1.0	1.0	1.0	1.0	0.53070443868637	0.50677573680878	0.48455622792244
0.37398749999988	'/videorec/frame'	6
0.39780666199999	'/minibee/data'	7	1.0	1.0	1.0	1.0	1.0	0.53290194272995	0.50079357624054	0.48125991225243
0.43520203499997	'/videorec/frame'	7
0.44568368699993	'/minibee/data'	7	1.0	1.0	1.0	1.0	1.0	0.51983886957169	0.5137345790863	0.49468928575516
0.50229774500008	'/videorec/frame'	8
0.50964459500005	'/minibee/data'	7	1.0	1.0	1.0	1.0	1.0	0.4973751604557	0.53802955150604	0.50994992256165
0.55878071000006	'/videorec/frame'	9
0.57350567499998	'/minibee/data'	7	1.0	1.0	1.0	1.0	1.0	0.48028323054314	0.55670857429504	0.52814066410065
0.61838701200008	'/videorec/frame'	10
0.63742272400009	'/minibee/data'	7	1.0	1.0	1.0	1.0	1.0	0.47686484456062	0.54388964176178	0.56159198284149
0.67966008000008	'/videorec/frame'	11
0.70129022500009	'/minibee/data'	7	1.0	1.0	1.0	1.0	1.0	0.48357954621315	0.50665366649628	0.54034918546677
0.73409904000005	'/videorec/frame'	12
0.76483100399992	'/minibee/data'	7	1.0	1.0	1.0	1.0	1.0	0.49554389715195	0.49468928575516	0.51800757646561
0.79384613299999	'/videorec/frame'	13
0.8288167799999	'/minibee/data'	7	1.0	1.0	1.0	1.0	1.0	0.50836282968521	0.49591013789177	0.50567698478699
0.85398390899991	'/videorec/frame'	14
0.89263742799994	'/minibee/data'	7	1.0	1.0	1.0	1.0	1.0	0.51422291994095	0.49102672934532	0.50824075937271
0.91416978200004	'/videorec/frame'	15
0.95639384399988	'/minibee/data'	7	1.0	1.0	1.0	1.0	1.0	0.5093395113945	0.51397877931595	0.51129287481308
0.9741571479999	'/videorec/frame'	16
1.0203858340001	'/minibee/data'	7	1.0	1.0	1.0	1.0	1.0	0.51983886957169	0.53290194272995	0.50286900997162
1.033928626	'/videorec/frame'	17
1.0842261170001	'/minibee/data'	7	1.0	1.0	1.0	1.0	1.0	0.51788550615311	0.54327923059464	0.51739716529846
1.0939214590001	'/videorec/frame'	18
1.1478361659999	'/minibee/data'	7	1.0	1.0	1.0	1.0	1.0	0.49749726057053	0.52057135105133	0.52923941612244
1.155944418	'/videorec/frame'	19
1.2120092529999	'/minibee/data'	7	1.0	1.0	1.0	1.0	1.0	0.4885850250721	0.50653153657913	0.55377852916718
1.2216449800001	'/videorec/frame'	20
1.27559329	'/minibee/data'	7	1.0	1.0	1.0	1.0	1.0	0.47735318541527	0.48724210262299	0.55023807287216
1.2792559520001	'/videorec/frame'	21
1.3378628149999	'/videorec/frame'	22
1.33940749	'/minibee/data'	7	1.0	1.0	1.0	1.0	1.0	0.49005004763603	0.47112685441971	0.53705286979675
1.3395853219999	'/minibee/data'	7	1.0	1.0	1.0	1.0	1.0	0.49005004763603	0.47112685441971	0.53705286979675
1.3941165199999	'/videorec/frame'	23
1.4031674749999	'/minibee/data'	7	1.0	1.0	1.0	1.0	1.0	0.50457817316055	0.48406788706779	0.51153707504272
1.456537235	'/videorec/frame'	24
1.4673026630001	'/minibee/data'	7	1.0	1.0	1.0	1.0	1.0	0.51532167196274	0.49127089977264	0.49615430831909
1.5199069610001	'/videorec/frame'	25
1.5311539100001	'/minibee/data'	7	1.0	1.0	1.0	1.0	1.0	0.52142596244812	0.50201439857483	0.49969479441643
1.580950558	'/videorec/frame'	26
1.5949825	'/minibee/data'	7	1.0	1.0	1.0	1.0	1.0	0.51629835367203	0.52044928073883	0.51764130592346
1.636860308	'/videorec/frame'	27
1.6588193539999	'/minibee/data'	7	1.0	1.0	1.0	1.0	1.0	0.49566596746445	0.52521061897278	0.52411180734634
1.699399077	'/videorec/frame'	28
1.7227136889999	'/minibee/data'	7	1.0	1.0	1.0	1.0	1.0	0.50604319572449	0.49847394227982	0.54608714580536
1.7614873990001	'/videorec/frame'	29
1.77041601	'/minibee/data'	7	1.0	1.0	1.0	1.0	1.0	0.50714200735092	0.50018310546875	0.53680866956711
1.8190451119999	'/videorec/frame'	30
1.834396878	'/minibee/data'	7	1.0	1.0	1.0	1.0	1.0	0.50763034820557	0.49774143099785	0.53082650899887
1.873903449	'/videorec/frame'	31
1.8981104259999	'/minibee/data'	7	1.0	1.0	1.0	1.0	1.0	0.50592112541199	0.50067144632339	0.527896463871
1.934539244	'/videorec/frame'	32
1.9619228910001	'/minibee/data'	7	1.0	1.0	1.0	1.0	1.0	0.50689780712128	0.50360149145126	0.52606517076492
1.999629656	'/videorec/frame'	33
2.0259105539999	'/minibee/data'	7	1.0	1.0	1.0	1.0	1.0	0.50628739595413	0.50396776199341	0.52630937099457
2.060520276	'/videorec/frame'	34
2.0896746339999	'/minibee/data'	7	1.0	1.0	1.0	1.0	1.0	0.50738614797592	0.50238066911697	0.52814066410065
2.121082417	'/videorec/frame'	35
2.1537454259999	'/minibee/data'	7	1.0	1.0	1.0	1.0	1.0	0.50824075937271	0.50225859880447	0.52728605270386
2.1806312900001	'/videorec/frame'	36
2.2177630609999	'/minibee/data'	7	1.0	1.0	1.0	1.0	1.0	0.50824075937271	0.50335735082626	0.52838480472565
2.240804006	'/videorec/frame'	37
