0.00085910799998601	'/videorec/record/start'	'conceptors_171127_141814_4.avi'
0.015278246999969	'/videorec/frame'	0
0.040375019000066	'/minibee/data'	7	1.0	1.0	1.0	1.0	1.0	0.5136125087738	0.52936148643494	0.50897324085236
0.075378909999927	'/videorec/frame'	1
0.10424754400015	'/minibee/data'	7	1.0	1.0	1.0	1.0	1.0	0.51593214273453	0.52667564153671	0.50824075937271
0.13180879800007	'/videorec/frame'	2
0.16790349899998	'/minibee/data'	7	1.0	1.0	1.0	1.0	1.0	0.51434499025345	0.5232572555542	0.50433403253555
0.19038333499998	'/videorec/frame'	3
0.23169201400015	'/minibee/data'	7	1.0	1.0	1.0	1.0	1.0	0.5093395113945	0.54010498523712	0.49932852387428
0.25317745500001	'/videorec/frame'	4
0.29586603300004	'/minibee/data'	7	1.0	1.0	1.0	1.0	1.0	0.51605421304703	0.53094857931137	0.50738614797592
0.31717518200003	'/videorec/frame'	5
0.35961074500005	'/minibee/data'	7	1.0	1.0	1.0	1.0	1.0	0.51727503538132	0.53680866956711	0.51446712017059
0.37479222499996	'/videorec/frame'	6
0.42339700299999	'/minibee/data'	7	1.0	1.0	1.0	1.0	1.0	0.50665366649628	0.51825171709061	0.51275789737701
0.43764662700005	'/videorec/frame'	7
0.4871352780001	'/minibee/data'	7	1.0	1.0	1.0	1.0	1.0	0.52069342136383	0.53107070922852	0.48956170678139
0.49616396900001	'/videorec/frame'	8
0.55111505600007	'/minibee/data'	7	1.0	1.0	1.0	1.0	1.0	0.51007205247879	0.53912830352783	0.50897324085236
0.55720350399997	'/videorec/frame'	9
0.61475440300001	'/minibee/data'	7	1.0	1.0	1.0	1.0	1.0	0.50360149145126	0.52850687503815	0.50799655914307
0.61795319299995	'/videorec/frame'	10
0.67451171400012	'/videorec/frame'	11
0.67861790400002	'/minibee/data'	7	1.0	1.0	1.0	1.0	1.0	0.51837384700775	0.53497743606567	0.49896228313446
0.72682075700004	'/minibee/data'	7	1.0	1.0	1.0	1.0	1.0	0.50799655914307	0.52191430330276	0.52569895982742
0.73871078699995	'/videorec/frame'	12
0.79048220799996	'/minibee/data'	7	1.0	1.0	1.0	1.0	1.0	0.50555485486984	0.53155905008316	0.50225859880447
0.79588477600009	'/videorec/frame'	13
0.854320315	'/minibee/data'	7	1.0	1.0	1.0	1.0	1.0	0.52044928073883	0.54584300518036	0.47674277424812
0.85800973300002	'/videorec/frame'	14
0.91426812600002	'/videorec/frame'	15
0.91814509699998	'/minibee/data'	7	1.0	1.0	1.0	1.0	1.0	0.51056039333344	0.48394578695297	0.5374191403389
0.97489920099997	'/videorec/frame'	16
0.98199615099998	'/minibee/data'	7	1.0	1.0	1.0	1.0	1.0	0.5090953707695	0.53351241350174	0.48260286450386
1.0366213560001	'/videorec/frame'	17
1.0459686950001	'/minibee/data'	7	1.0	1.0	1.0	1.0	1.0	0.51275789737701	0.5419362783432	0.51190328598022
1.09707708	'/videorec/frame'	18
1.1096064129999	'/minibee/data'	7	1.0	1.0	1.0	1.0	1.0	0.50018310546875	0.53644245862961	0.48834085464478
1.15002304	'/videorec/frame'	19
1.173598095	'/minibee/data'	7	1.0	1.0	1.0	1.0	1.0	0.52484434843063	0.54327923059464	0.47686484456062
1.2111902690001	'/videorec/frame'	20
1.2374438950001	'/minibee/data'	7	1.0	1.0	1.0	1.0	1.0	0.50128191709518	0.49017214775085	0.53155905008316
1.2746855749999	'/videorec/frame'	21
1.3012509600001	'/minibee/data'	7	1.0	1.0	1.0	1.0	1.0	0.52154803276062	0.54291296005249	0.47088268399239
1.338014922	'/videorec/frame'	22
1.3652129310001	'/minibee/data'	7	1.0	1.0	1.0	1.0	1.0	0.51495546102524	0.47344645857811	0.53900623321533
1.3946861700001	'/videorec/frame'	23
1.4291736560001	'/minibee/data'	7	1.0	1.0	1.0	1.0	1.0	0.51165914535522	0.54071539640427	0.46062752604485
1.458293813	'/videorec/frame'	24
1.4929471089999	'/minibee/data'	7	1.0	1.0	1.0	1.0	1.0	0.51556587219238	0.53339028358459	0.51458919048309
1.5154580590001	'/videorec/frame'	25
1.5566197200001	'/minibee/data'	7	1.0	1.0	1.0	1.0	1.0	0.50579905509949	0.5420583486557	0.49481138586998
1.5754193810001	'/videorec/frame'	26
1.6202844970001	'/minibee/data'	7	1.0	1.0	1.0	1.0	1.0	0.52105969190598	0.5464534163475	0.47198143601418
1.635265717	'/videorec/frame'	27
1.6842908220001	'/minibee/data'	7	1.0	1.0	1.0	1.0	1.0	0.50653153657913	0.49761933088303	0.53839582204819
1.6957766980001	'/videorec/frame'	28
1.7480489750001	'/minibee/data'	7	1.0	1.0	1.0	1.0	1.0	0.51532167196274	0.53717494010925	0.47381272912025
1.756779022	'/videorec/frame'	29
1.8119236269999	'/minibee/data'	7	1.0	1.0	1.0	1.0	1.0	0.51214748620987	0.54132586717606	0.49566596746445
1.8175937620001	'/videorec/frame'	30
1.8747068740001	'/videorec/frame'	31
1.8758438259999	'/minibee/data'	7	1.0	1.0	1.0	1.0	1.0	0.50531071424484	0.52044928073883	0.51336830854416
1.9380071620001	'/videorec/frame'	32
1.9397857409999	'/minibee/data'	7	1.0	1.0	1.0	1.0	1.0	0.51336830854416	0.53326821327209	0.47796362638474
1.99529319	'/videorec/frame'	33
2.003566074	'/minibee/data'	7	1.0	1.0	1.0	1.0	1.0	0.51031619310379	0.5375412106514	0.49627640843391
2.0579925330001	'/videorec/frame'	34
2.0675520940001	'/minibee/data'	7	1.0	1.0	1.0	1.0	1.0	0.50763034820557	0.50433403253555	0.5233793258667
2.1146867489999	'/videorec/frame'	35
2.1151885209999	'/minibee/data'	7	1.0	1.0	1.0	1.0	1.0	0.51336830854416	0.54559880495071	0.46380174160004
2.1702876520001	'/videorec/frame'	36
2.1789283190001	'/minibee/data'	7	1.0	1.0	1.0	1.0	1.0	0.52826273441315	0.52948355674744	0.49407887458801
2.2321449390001	'/videorec/frame'	37
2.243050392	'/minibee/data'	7	1.0	1.0	1.0	1.0	1.0	0.51019412279129	0.50653153657913	0.5236234664917
2.292729239	'/videorec/frame'	38
2.3070916710001	'/minibee/data'	7	1.0	1.0	1.0	1.0	1.0	0.51544380187988	0.54950553178787	0.4624587893486
2.3564512760001	'/videorec/frame'	39
2.3707959620001	'/minibee/data'	7	1.0	1.0	1.0	1.0	1.0	0.52618730068207	0.52923941612244	0.50384569168091
2.4185077249999	'/videorec/frame'	40
2.4344089400001	'/minibee/data'	7	1.0	1.0	1.0	1.0	1.0	0.51165914535522	0.51874005794525	0.53363448381424
2.4749608300001	'/videorec/frame'	41
2.4985637459999	'/minibee/data'	7	1.0	1.0	1.0	1.0	1.0	0.50811868906021	0.54804050922394	0.4810157418251
2.5357152910001	'/videorec/frame'	42
2.5622494230001	'/minibee/data'	7	1.0	1.0	1.0	1.0	1.0	0.52215844392776	0.52508848905563	0.51226955652237
2.598206052	'/videorec/frame'	43
2.626255355	'/minibee/data'	7	1.0	1.0	1.0	1.0	1.0	0.50433403253555	0.51825171709061	0.54474425315857
2.6549571830001	'/videorec/frame'	44
2.6899778239999	'/minibee/data'	7	1.0	1.0	1.0	1.0	1.0	0.5050665140152	0.54254668951035	0.49102672934532
2.7152922990001	'/videorec/frame'	45
2.7540179570001	'/minibee/data'	7	1.0	1.0	1.0	1.0	1.0	0.52533268928528	0.53229153156281	0.5049444437027
2.774795387	'/videorec/frame'	46
2.8177599769999	'/minibee/data'	7	1.0	1.0	1.0	1.0	1.0	0.5047003030777	0.51568794250488	0.5462092757225
2.837658468	'/videorec/frame'	47
2.8815233990001	'/minibee/data'	7	1.0	1.0	1.0	1.0	1.0	0.50396776199341	0.53986084461212	0.48565497994423
2.894359567	'/videorec/frame'	48
2.945399768	'/minibee/data'	7	1.0	1.0	1.0	1.0	1.0	0.5233793258667	0.52899521589279	0.50006103515625
2.9572213430001	'/videorec/frame'	49
3.0091039410001	'/minibee/data'	7	1.0	1.0	1.0	1.0	1.0	0.49639847874641	0.53082650899887	0.52594310045242
3.016563675	'/videorec/frame'	50
3.0730694030001	'/minibee/data'	7	1.0	1.0	1.0	1.0	1.0	0.50616532564163	0.52313512563705	0.50115978717804
3.076238741	'/videorec/frame'	51
3.1334965020001	'/videorec/frame'	52
3.136825365	'/minibee/data'	7	1.0	1.0	1.0	1.0	1.0	0.52289098501205	0.52960568666458	0.47906237840652
3.190235888	'/videorec/frame'	53
3.2005399730001	'/minibee/data'	7	1.0	1.0	1.0	1.0	1.0	0.50177025794983	0.52594310045242	0.5235013961792
3.251110294	'/videorec/frame'	54
3.26490455	'/minibee/data'	7	1.0	1.0	1.0	1.0	1.0	0.50140398740768	0.52948355674744	0.50726407766342
3.316443211	'/videorec/frame'	55
3.3285421620001	'/minibee/data'	7	1.0	1.0	1.0	1.0	1.0	0.52093762159348	0.52411180734634	0.48467829823494
3.3763069910001	'/minibee/data'	7	1.0	1.0	1.0	1.0	1.0	0.49774143099785	0.5191063284874	0.52301305532455
3.3770009039999	'/videorec/frame'	56
3.437695932	'/videorec/frame'	57
3.439991616	'/minibee/data'	7	1.0	1.0	1.0	1.0	1.0	0.50994992256165	0.5236234664917	0.49835184216499
3.4951615090001	'/videorec/frame'	58
3.5041743660001	'/minibee/data'	7	1.0	1.0	1.0	1.0	1.0	0.5233793258667	0.54376757144928	0.45928457379341
3.5559840600001	'/videorec/frame'	59
3.567936619	'/minibee/data'	7	1.0	1.0	1.0	1.0	1.0	0.5280185341835	0.53339028358459	0.49749726057053
3.6172658200001	'/videorec/frame'	60
3.6317081730001	'/minibee/data'	7	1.0	1.0	1.0	1.0	1.0	0.50775241851807	0.51239162683487	0.52228057384491
3.675028933	'/videorec/frame'	61
3.6956841890001	'/minibee/data'	7	1.0	1.0	1.0	1.0	1.0	0.51056039333344	0.55902820825577	0.46306923031807
3.7359412390001	'/videorec/frame'	62
3.759573732	'/minibee/data'	7	1.0	1.0	1.0	1.0	1.0	0.52887314558029	0.52862900495529	0.50763034820557
3.797845521	'/videorec/frame'	63
3.823270035	'/minibee/data'	7	1.0	1.0	1.0	1.0	1.0	0.51727503538132	0.50555485486984	0.54718595743179
3.854663548	'/videorec/frame'	64
3.887273051	'/minibee/data'	7	1.0	1.0	1.0	1.0	1.0	0.49835184216499	0.54437798261642	0.47625443339348
3.916021284	'/videorec/frame'	65
3.9509558120001	'/minibee/data'	7	1.0	1.0	1.0	1.0	1.0	0.51837384700775	0.53204739093781	0.50225859880447
3.9781903529999	'/videorec/frame'	66
4.014919279	'/minibee/data'	7	1.0	1.0	1.0	1.0	1.0	0.49334636330605	0.52936148643494	0.53632032871246
4.035225264	'/videorec/frame'	67
4.0786891350001	'/minibee/data'	7	1.0	1.0	1.0	1.0	1.0	0.50714200735092	0.5192283987999	0.49273592233658
4.094614867	'/videorec/frame'	68
4.1423378030001	'/minibee/data'	7	1.0	1.0	1.0	1.0	1.0	0.51935052871704	0.54095959663391	0.46416798233986
4.150041572	'/videorec/frame'	69
4.2061987889999	'/minibee/data'	7	1.0	1.0	1.0	1.0	1.0	0.5047003030777	0.52508848905563	0.51837384700775
4.21027497	'/videorec/frame'	70
4.2703861560001	'/minibee/data'	7	1.0	1.0	1.0	1.0	1.0	0.50152605772018	0.50750821828842	0.51410084962845
4.274765207	'/videorec/frame'	71
4.333967773	'/minibee/data'	7	1.0	1.0	1.0	1.0	1.0	0.52228057384491	0.55036014318466	0.4558661878109
4.3358447959999	'/videorec/frame'	72
4.395288209	'/videorec/frame'	73
4.3977889939999	'/minibee/data'	7	1.0	1.0	1.0	1.0	1.0	0.5233793258667	0.52215844392776	0.50408983230591
4.4568015469999	'/videorec/frame'	74
4.4619318140001	'/minibee/data'	7	1.0	1.0	1.0	1.0	1.0	0.50958371162415	0.50775241851807	0.54279088973999
4.5126509250001	'/videorec/frame'	75
4.525504469	'/minibee/data'	7	1.0	1.0	1.0	1.0	1.0	0.50628739595413	0.54999387264252	0.47112685441971
4.573325676	'/videorec/frame'	76
4.5893042509999	'/minibee/data'	7	1.0	1.0	1.0	1.0	1.0	0.51739716529846	0.53375655412674	0.51642048358917
4.6328416050001	'/videorec/frame'	77
4.653055511	'/minibee/data'	7	1.0	1.0	1.0	1.0	1.0	0.49529972672462	0.52032721042633	0.54889512062073
4.6930155320001	'/videorec/frame'	78
4.717039502	'/minibee/data'	7	1.0	1.0	1.0	1.0	1.0	0.509217441082	0.53949457406998	0.47466731071472
4.75014904	'/videorec/frame'	79
4.7649350730001	'/minibee/data'	7	1.0	1.0	1.0	1.0	1.0	0.51410084962845	0.52655351161957	0.509461581707
4.810916851	'/videorec/frame'	80
4.82862879	'/minibee/data'	7	1.0	1.0	1.0	1.0	1.0	0.48785251379013	0.52582103013992	0.54315710067749
4.870157048	'/videorec/frame'	81
4.892512335	'/minibee/data'	7	1.0	1.0	1.0	1.0	1.0	0.50567698478699	0.52215844392776	0.4884629547596
4.9303115960001	'/videorec/frame'	82
4.9564780129999	'/minibee/data'	7	1.0	1.0	1.0	1.0	1.0	0.5188621878624	0.53363448381424	0.47161519527435
4.994705201	'/videorec/frame'	83
5.0204092900001	'/minibee/data'	7	1.0	1.0	1.0	1.0	1.0	0.51519960165024	0.53998291492462	0.50592112541199
5.0577889240001	'/videorec/frame'	84
5.084106968	'/minibee/data'	7	1.0	1.0	1.0	1.0	1.0	0.509461581707	0.51129287481308	0.5233793258667
5.117070993	'/videorec/frame'	85
5.1478060869999	'/minibee/data'	7	1.0	1.0	1.0	1.0	1.0	0.51959466934204	0.55329018831253	0.46722012758255
5.1701281360001	'/videorec/frame'	86
5.2117406720001	'/minibee/data'	7	1.0	1.0	1.0	1.0	1.0	0.51117080450058	0.53497743606567	0.50250273942947
5.2310129110001	'/videorec/frame'	87
5.2758326119999	'/minibee/data'	7	1.0	1.0	1.0	1.0	1.0	0.50848489999771	0.50799655914307	0.52105969190598
5.2965720120001	'/videorec/frame'	88
5.3395697160001	'/minibee/data'	7	1.0	1.0	1.0	1.0	1.0	0.51532167196274	0.53815162181854	0.46538883447647
5.3548541790001	'/videorec/frame'	89
5.4035413460001	'/minibee/data'	7	1.0	1.0	1.0	1.0	1.0	0.51874005794525	0.53400075435638	0.50115978717804
5.4152140900001	'/videorec/frame'	90
5.467230813	'/minibee/data'	7	1.0	1.0	1.0	1.0	1.0	0.50994992256165	0.52032721042633	0.52057135105133
5.4739544050001	'/videorec/frame'	91
5.530894255	'/minibee/data'	7	1.0	1.0	1.0	1.0	1.0	0.51178121566772	0.53473323583603	0.49151507019997
5.5349017840001	'/videorec/frame'	92
5.594989579	'/minibee/data'	7	1.0	1.0	1.0	1.0	1.0	0.51825171709061	0.52984982728958	0.49603223800659
5.597839025	'/videorec/frame'	93
5.652849347	'/videorec/frame'	94
5.6588159309999	'/minibee/data'	7	1.0	1.0	1.0	1.0	1.0	0.51104873418808	0.52997189760208	0.50726407766342
5.7161742870001	'/videorec/frame'	95
5.722830337	'/minibee/data'	7	1.0	1.0	1.0	1.0	1.0	0.51263582706451	0.52911734580994	0.50396776199341
