0.001021135999963	'/videorec/record/start'	'conceptors_171127_141814_10.avi'
0.01566399699982	'/minibee/data'	7	1.0	1.0	1.0	1.0	1.0	0.5090953707695	0.49542179703712	0.52753019332886
0.048830914999826	'/videorec/frame'	0
0.079665581999961	'/minibee/data'	7	1.0	1.0	1.0	1.0	1.0	0.50885117053986	0.49603223800659	0.52740812301636
0.10552888699999	'/videorec/frame'	1
0.1273318399999	'/minibee/data'	7	1.0	1.0	1.0	1.0	1.0	0.5090953707695	0.49578806757927	0.52728605270386
0.16430838799988	'/videorec/frame'	2
0.19112368499987	'/minibee/data'	7	1.0	1.0	1.0	1.0	1.0	0.509217441082	0.49554389715195	0.52704185247421
0.22863982199988	'/videorec/frame'	3
0.25526190899996	'/minibee/data'	7	1.0	1.0	1.0	1.0	1.0	0.50848489999771	0.49468928575516	0.5280185341835
0.28999613299993	'/videorec/frame'	4
0.31903785899999	'/minibee/data'	7	1.0	1.0	1.0	1.0	1.0	0.50897324085236	0.4951776266098	0.52948355674744
0.35141390499984	'/videorec/frame'	5
0.38296198399985	'/minibee/data'	7	1.0	1.0	1.0	1.0	1.0	0.51129287481308	0.49676474928856	0.527652323246
0.4081423749999	'/videorec/frame'	6
0.44664319699996	'/minibee/data'	7	1.0	1.0	1.0	1.0	1.0	0.509217441082	0.49969479441643	0.527896463871
0.46868474600001	'/videorec/frame'	7
0.51056410499996	'/minibee/data'	7	1.0	1.0	1.0	1.0	1.0	0.50885117053986	0.49627640843391	0.52862900495529
0.53155375200004	'/videorec/frame'	8
0.57440117800002	'/minibee/data'	7	1.0	1.0	1.0	1.0	1.0	0.50824075937271	0.49908435344696	0.52972775697708
0.58845890199996	'/videorec/frame'	9
0.63818390699998	'/minibee/data'	7	1.0	1.0	1.0	1.0	1.0	0.50982785224915	0.48260286450386	0.52862900495529
0.64922606300001	'/videorec/frame'	10
0.70213309999986	'/minibee/data'	7	1.0	1.0	1.0	1.0	1.0	0.51178121566772	0.509461581707	0.53168112039566
0.71044679800002	'/videorec/frame'	11
0.76582754399988	'/minibee/data'	7	1.0	1.0	1.0	1.0	1.0	0.50750821828842	0.50897324085236	0.52521061897278
0.77210522799987	'/videorec/frame'	12
0.82987056799993	'/minibee/data'	7	1.0	1.0	1.0	1.0	1.0	0.50543278455734	0.51812964677811	0.52191430330276
0.83157047700001	'/videorec/frame'	13
0.88964271199984	'/videorec/frame'	14
0.89366660699989	'/minibee/data'	7	1.0	1.0	1.0	1.0	1.0	0.5049444437027	0.52032721042633	0.52057135105133
0.9516081889999	'/videorec/frame'	15
0.95766547599987	'/minibee/data'	7	1.0	1.0	1.0	1.0	1.0	0.5050665140152	0.52435600757599	0.5192283987999
1.0113431309999	'/videorec/frame'	16
1.0214245	'/minibee/data'	7	1.0	1.0	1.0	1.0	1.0	0.50384569168091	0.52240264415741	0.51983886957169
1.071531646	'/videorec/frame'	17
1.085123097	'/minibee/data'	7	1.0	1.0	1.0	1.0	1.0	0.50177025794983	0.5188621878624	0.52167010307312
1.123709494	'/videorec/frame'	18
1.148813992	'/minibee/data'	7	1.0	1.0	1.0	1.0	1.0	0.50225859880447	0.51788550615311	0.52386766672134
1.184830962	'/videorec/frame'	19
1.2128693299999	'/minibee/data'	7	1.0	1.0	1.0	1.0	1.0	0.50262480974197	0.51788550615311	0.52313512563705
1.25102423	'/videorec/frame'	20
1.260845732	'/minibee/data'	7	1.0	1.0	1.0	1.0	1.0	0.50262480974197	0.51825171709061	0.52252471446991
1.3097472449999	'/videorec/frame'	21
1.32485116	'/minibee/data'	7	1.0	1.0	1.0	1.0	1.0	0.50177025794983	0.52008301019669	0.51935052871704
1.369086294	'/videorec/frame'	22
1.3885633589998	'/minibee/data'	7	1.0	1.0	1.0	1.0	1.0	0.50726407766342	0.5191063284874	0.51642048358917
1.4287093309999	'/videorec/frame'	23
1.452399514	'/minibee/data'	7	1.0	1.0	1.0	1.0	1.0	0.5049444437027	0.49981686472893	0.52398973703384
1.4909756079999	'/videorec/frame'	24
1.516165813	'/minibee/data'	7	1.0	1.0	1.0	1.0	1.0	0.5048223733902	0.48260286450386	0.53851789236069
1.550897717	'/videorec/frame'	25
1.5799511499999	'/minibee/data'	7	1.0	1.0	1.0	1.0	1.0	0.50872910022736	0.49700891971588	0.5233793258667
1.6102165109999	'/videorec/frame'	26
1.643774983	'/minibee/data'	7	1.0	1.0	1.0	1.0	1.0	0.50848489999771	0.49908435344696	0.52948355674744
1.66741622	'/videorec/frame'	27
1.7076595819999	'/minibee/data'	7	1.0	1.0	1.0	1.0	1.0	0.50970578193665	0.49432304501534	0.53021609783173
1.731556469	'/videorec/frame'	28
1.771569153	'/minibee/data'	7	1.0	1.0	1.0	1.0	1.0	0.51165914535522	0.49700891971588	0.52814066410065
1.788748728	'/videorec/frame'	29
1.8354960069998	'/minibee/data'	7	1.0	1.0	1.0	1.0	1.0	0.51251375675201	0.4973751604557	0.52850687503815
1.8486560259998	'/videorec/frame'	30
1.8992463309999	'/minibee/data'	7	1.0	1.0	1.0	1.0	1.0	0.51239162683487	0.49713099002838	0.52850687503815
1.9116709259999	'/videorec/frame'	31
1.9630013169999	'/minibee/data'	7	1.0	1.0	1.0	1.0	1.0	0.51178121566772	0.49786350131035	0.52667564153671
1.9703851719999	'/videorec/frame'	32
2.026798611	'/minibee/data'	7	1.0	1.0	1.0	1.0	1.0	0.51190328598022	0.49713099002838	0.52814066410065
2.0318444479999	'/videorec/frame'	33
2.08845533	'/videorec/frame'	34
2.0906227169999	'/minibee/data'	7	1.0	1.0	1.0	1.0	1.0	0.51312416791916	0.4950555562973	0.53168112039566
2.1441046319999	'/videorec/frame'	35
2.1545668599999	'/minibee/data'	7	1.0	1.0	1.0	1.0	1.0	0.51312416791916	0.49554389715195	0.52569895982742
2.209178992	'/videorec/frame'	36
2.2185748859999	'/minibee/data'	7	1.0	1.0	1.0	1.0	1.0	0.51544380187988	0.50042730569839	0.52923941612244
2.269227598	'/videorec/frame'	37
2.2824908519999	'/minibee/data'	7	1.0	1.0	1.0	1.0	1.0	0.51434499025345	0.5047003030777	0.52655351161957
2.3318953109999	'/videorec/frame'	38
2.346135755	'/minibee/data'	7	1.0	1.0	1.0	1.0	1.0	0.50225859880447	0.51544380187988	0.5236234664917
2.3887575059998	'/videorec/frame'	39
2.3941732119999	'/minibee/data'	7	1.0	1.0	1.0	1.0	1.0	0.50006103515625	0.509217441082	0.52679771184921
2.4507656869998	'/videorec/frame'	40
2.457816034	'/minibee/data'	7	1.0	1.0	1.0	1.0	1.0	0.50006103515625	0.51471126079559	0.5233793258667
2.5103953769999	'/videorec/frame'	41
2.5217118769999	'/minibee/data'	7	1.0	1.0	1.0	1.0	1.0	0.49822977185249	0.51458919048309	0.52276891469955
2.570484159	'/videorec/frame'	42
2.585562405	'/minibee/data'	7	1.0	1.0	1.0	1.0	1.0	0.49664264917374	0.51507753133774	0.52398973703384
2.6310977849998	'/videorec/frame'	43
2.6495449679999	'/minibee/data'	7	1.0	1.0	1.0	1.0	1.0	0.49554389715195	0.51226955652237	0.52545475959778
2.689482881	'/videorec/frame'	44
2.7134045179998	'/minibee/data'	7	1.0	1.0	1.0	1.0	1.0	0.49652057886124	0.51031619310379	0.52521061897278
2.749391929	'/videorec/frame'	45
2.7771494689998	'/minibee/data'	7	1.0	1.0	1.0	1.0	1.0	0.49713099002838	0.51324623823166	0.52496641874313
2.807252755	'/videorec/frame'	46
2.841115019	'/minibee/data'	7	1.0	1.0	1.0	1.0	1.0	0.49761933088303	0.50970578193665	0.52569895982742
2.868825429	'/videorec/frame'	47
2.904888214	'/minibee/data'	7	1.0	1.0	1.0	1.0	1.0	0.49749726057053	0.51300209760666	0.52606517076492
2.9283713119999	'/videorec/frame'	48
2.968843095	'/minibee/data'	7	1.0	1.0	1.0	1.0	1.0	0.49786350131035	0.51581001281738	0.5235013961792
2.9907635989998	'/videorec/frame'	49
3.032665122	'/minibee/data'	7	1.0	1.0	1.0	1.0	1.0	0.50433403253555	0.51666462421417	0.51959466934204
3.048476018	'/videorec/frame'	50
3.0962667639999	'/minibee/data'	7	1.0	1.0	1.0	1.0	1.0	0.51129287481308	0.4928580224514	0.51410084962845
3.10418566	'/videorec/frame'	51
3.160044297	'/minibee/data'	7	1.0	1.0	1.0	1.0	1.0	0.50653153657913	0.47137102484703	0.5376632809639
3.164674719	'/videorec/frame'	52
3.224132842	'/minibee/data'	7	1.0	1.0	1.0	1.0	1.0	0.51080453395844	0.49432304501534	0.52423393726349
3.2308254719999	'/videorec/frame'	53
3.2877574089998	'/minibee/data'	7	1.0	1.0	1.0	1.0	1.0	0.5134904384613	0.50079357624054	0.52508848905563
3.289277462	'/videorec/frame'	54
3.3488377239998	'/videorec/frame'	55
3.351731381	'/minibee/data'	7	1.0	1.0	1.0	1.0	1.0	0.51593214273453	0.49896228313446	0.52691978216171
3.411555998	'/videorec/frame'	56
3.415697033	'/minibee/data'	7	1.0	1.0	1.0	1.0	1.0	0.51703089475632	0.50115978717804	0.52826273441315
3.4686519859999	'/videorec/frame'	57
3.479515261	'/minibee/data'	7	1.0	1.0	1.0	1.0	1.0	0.51629835367203	0.50128191709518	0.52716398239136
3.530984732	'/videorec/frame'	58
3.543505268	'/minibee/data'	7	1.0	1.0	1.0	1.0	1.0	0.51617628335953	0.49945062398911	0.52691978216171
3.5903268679999	'/videorec/frame'	59
3.5910256709999	'/minibee/data'	7	1.0	1.0	1.0	1.0	1.0	0.51593214273453	0.50006103515625	0.52618730068207
3.650057757	'/videorec/frame'	60
3.6551918369998	'/minibee/data'	7	1.0	1.0	1.0	1.0	1.0	0.51593214273453	0.49957269430161	0.52557682991028
3.709844617	'/videorec/frame'	61
3.7189775699999	'/minibee/data'	7	1.0	1.0	1.0	1.0	1.0	0.51581001281738	0.50042730569839	0.52533268928528
3.772801589	'/videorec/frame'	62
3.7825231749998	'/minibee/data'	7	1.0	1.0	1.0	1.0	1.0	0.51666462421417	0.49871811270714	0.52875107526779
3.826049843	'/videorec/frame'	63
3.8466688879998	'/minibee/data'	7	1.0	1.0	1.0	1.0	1.0	0.51678669452667	0.49774143099785	0.53155905008316
3.88952647	'/videorec/frame'	64
3.9104030229998	'/minibee/data'	7	1.0	1.0	1.0	1.0	1.0	0.52057135105133	0.49822977185249	0.52374559640884
3.9517261819999	'/videorec/frame'	65
3.9744119039999	'/minibee/data'	7	1.0	1.0	1.0	1.0	1.0	0.50433403253555	0.50824075937271	0.51544380187988
4.0105918919999	'/videorec/frame'	66
4.0382030199999	'/minibee/data'	7	1.0	1.0	1.0	1.0	1.0	0.49603223800659	0.52215844392776	0.52606517076492
4.0705894069999	'/videorec/frame'	67
4.101905948	'/minibee/data'	7	1.0	1.0	1.0	1.0	1.0	0.48968380689621	0.5138566493988	0.53046023845673
4.1240209569999	'/videorec/frame'	68
4.165685209	'/minibee/data'	7	1.0	1.0	1.0	1.0	1.0	0.4928580224514	0.51446712017059	0.52313512563705
4.184583428	'/videorec/frame'	69
4.2298532689999	'/minibee/data'	7	1.0	1.0	1.0	1.0	1.0	0.49468928575516	0.51312416791916	0.51983886957169
4.2509255479999	'/videorec/frame'	70
4.2935996229999	'/minibee/data'	7	1.0	1.0	1.0	1.0	1.0	0.49493345618248	0.51751923561096	0.52191430330276
4.3089046719999	'/videorec/frame'	71
4.3572451719999	'/minibee/data'	7	1.0	1.0	1.0	1.0	1.0	0.49359053373337	0.51300209760666	0.52215844392776
4.371570777	'/videorec/frame'	72
4.421292193	'/minibee/data'	7	1.0	1.0	1.0	1.0	1.0	0.49432304501534	0.51776337623596	0.52240264415741
4.428494087	'/videorec/frame'	73
4.4849344489999	'/minibee/data'	7	1.0	1.0	1.0	1.0	1.0	0.49529972672462	0.51446712017059	0.52423393726349
4.4884614289999	'/videorec/frame'	74
4.5488858039998	'/minibee/data'	7	1.0	1.0	1.0	1.0	1.0	0.49432304501534	0.51678669452667	0.5235013961792
4.5510390499999	'/videorec/frame'	75
4.6108269179999	'/videorec/frame'	76
4.612653333	'/minibee/data'	7	1.0	1.0	1.0	1.0	1.0	0.49554389715195	0.51703089475632	0.52301305532455
4.669322751	'/videorec/frame'	77
4.676683938	'/minibee/data'	7	1.0	1.0	1.0	1.0	1.0	0.49273592233658	0.52057135105133	0.52057135105133
4.724612426	'/minibee/data'	7	1.0	1.0	1.0	1.0	1.0	0.50311315059662	0.52753019332886	0.51287996768951
4.7293417019998	'/videorec/frame'	78
4.7868476839999	'/videorec/frame'	79
4.7883898519999	'/minibee/data'	7	1.0	1.0	1.0	1.0	1.0	0.50347942113876	0.48077157139778	0.51312416791916
4.850744247	'/videorec/frame'	80
4.8521186569999	'/minibee/data'	7	1.0	1.0	1.0	1.0	1.0	0.50750821828842	0.47552192211151	0.53595411777496
4.9115076539999	'/videorec/frame'	81
4.9162095189999	'/minibee/data'	7	1.0	1.0	1.0	1.0	1.0	0.51581001281738	0.49798560142517	0.52533268928528
4.9704787149999	'/videorec/frame'	82
4.9800087909998	'/minibee/data'	7	1.0	1.0	1.0	1.0	1.0	0.52044928073883	0.49627640843391	0.52508848905563
5.028738834	'/videorec/frame'	83
5.04359316	'/minibee/data'	7	1.0	1.0	1.0	1.0	1.0	0.52252471446991	0.49871811270714	0.52740812301636
5.090249096	'/videorec/frame'	84
5.107538816	'/minibee/data'	7	1.0	1.0	1.0	1.0	1.0	0.51959466934204	0.49896228313446	0.52643144130707
5.1440414179999	'/videorec/frame'	85
5.1713177689999	'/minibee/data'	7	1.0	1.0	1.0	1.0	1.0	0.51703089475632	0.49859601259232	0.52838480472565
5.2049874319998	'/videorec/frame'	86
5.2355946979999	'/minibee/data'	7	1.0	1.0	1.0	1.0	1.0	0.51605421304703	0.50091564655304	0.52521061897278
5.2705954309999	'/videorec/frame'	87
5.2991951659999	'/minibee/data'	7	1.0	1.0	1.0	1.0	1.0	0.51617628335953	0.49761933088303	0.52484434843063
5.3302842959999	'/videorec/frame'	88
5.3629296859999	'/minibee/data'	7	1.0	1.0	1.0	1.0	1.0	0.51617628335953	0.49761933088303	0.52655351161957
5.3906485259999	'/videorec/frame'	89
5.427006424	'/minibee/data'	7	1.0	1.0	1.0	1.0	1.0	0.51849591732025	0.49407887458801	0.53363448381424
5.4503495459999	'/videorec/frame'	90
5.4907543309998	'/minibee/data'	7	1.0	1.0	1.0	1.0	1.0	0.52057135105133	0.49334636330605	0.53546577692032
5.509644726	'/videorec/frame'	91
5.554591542	'/minibee/data'	7	1.0	1.0	1.0	1.0	1.0	0.51300209760666	0.50982785224915	0.51458919048309
5.5720494249999	'/videorec/frame'	92
5.618332324	'/minibee/data'	7	1.0	1.0	1.0	1.0	1.0	0.50726407766342	0.52057135105133	0.52130389213562
5.6279487079998	'/videorec/frame'	93
5.6822778109999	'/minibee/data'	7	1.0	1.0	1.0	1.0	1.0	0.50360149145126	0.52105969190598	0.51593214273453
5.6897130709999	'/videorec/frame'	94
5.74612789	'/minibee/data'	7	1.0	1.0	1.0	1.0	1.0	0.49676474928856	0.51654255390167	0.51751923561096
5.7529427909999	'/videorec/frame'	95
5.8078804929999	'/videorec/frame'	96
5.8097593719999	'/minibee/data'	7	1.0	1.0	1.0	1.0	1.0	0.4906604886055	0.51751923561096	0.52215844392776
5.8646148939999	'/videorec/frame'	97
5.8738434489999	'/minibee/data'	7	1.0	1.0	1.0	1.0	1.0	0.4928580224514	0.51629835367203	0.52044928073883
5.921568018	'/minibee/data'	7	1.0	1.0	1.0	1.0	1.0	0.49420094490051	0.51495546102524	0.51996093988419
5.9283716139998	'/videorec/frame'	98
5.985480862	'/minibee/data'	7	1.0	1.0	1.0	1.0	1.0	0.4950555562973	0.51751923561096	0.52057135105133
5.988843672	'/videorec/frame'	99
6.0492833829999	'/minibee/data'	7	1.0	1.0	1.0	1.0	1.0	0.49481138586998	0.51837384700775	0.52215844392776
6.0511870799999	'/videorec/frame'	100
6.10397807	'/videorec/frame'	101
6.1131595959998	'/minibee/data'	7	1.0	1.0	1.0	1.0	1.0	0.49529972672462	0.51581001281738	0.52398973703384
6.1640601849999	'/videorec/frame'	102
6.1767599939999	'/minibee/data'	7	1.0	1.0	1.0	1.0	1.0	0.4951776266098	0.5192283987999	0.52264678478241
6.2295841969999	'/videorec/frame'	103
6.2409806859998	'/minibee/data'	7	1.0	1.0	1.0	1.0	1.0	0.49188134074211	0.52411180734634	0.51751923561096
6.289213281	'/videorec/frame'	104
6.3049510859998	'/minibee/data'	7	1.0	1.0	1.0	1.0	1.0	0.50384569168091	0.52728605270386	0.50787448883057
6.352062464	'/videorec/frame'	105
6.368769033	'/minibee/data'	7	1.0	1.0	1.0	1.0	1.0	0.50262480974197	0.47539982199669	0.51080453395844
6.4111993619999	'/videorec/frame'	106
6.4323845229999	'/minibee/data'	7	1.0	1.0	1.0	1.0	1.0	0.5093395113945	0.4744231402874	0.5375412106514
6.465715391	'/videorec/frame'	107
6.4965327989999	'/minibee/data'	7	1.0	1.0	1.0	1.0	1.0	0.52447807788849	0.49798560142517	0.51727503538132
6.5316442389999	'/videorec/frame'	108
6.560244882	'/minibee/data'	7	1.0	1.0	1.0	1.0	1.0	0.52240264415741	0.49615430831909	0.5236234664917
6.5881280689998	'/videorec/frame'	109
6.6239495499999	'/minibee/data'	7	1.0	1.0	1.0	1.0	1.0	0.52167010307312	0.49884018301964	0.52814066410065
6.6504112149998	'/videorec/frame'	110
6.6879827569999	'/minibee/data'	7	1.0	1.0	1.0	1.0	1.0	0.51837384700775	0.49908435344696	0.527896463871
6.7104552429998	'/videorec/frame'	111
6.751775466	'/minibee/data'	7	1.0	1.0	1.0	1.0	1.0	0.51788550615311	0.49627640843391	0.52728605270386
6.7696022769999	'/videorec/frame'	112
6.815561631	'/minibee/data'	7	1.0	1.0	1.0	1.0	1.0	0.51678669452667	0.49908435344696	0.52533268928528
6.8254883069999	'/videorec/frame'	113
6.879239526	'/minibee/data'	7	1.0	1.0	1.0	1.0	1.0	0.51654255390167	0.49932852387428	0.52423393726349
6.889466178	'/videorec/frame'	114
6.9431658379999	'/minibee/data'	7	1.0	1.0	1.0	1.0	1.0	0.51715296506882	0.49786350131035	0.52569895982742
6.9515299909999	'/videorec/frame'	115
6.9911179619999	'/minibee/data'	7	1.0	1.0	1.0	1.0	1.0	0.51849591732025	0.49615430831909	0.52862900495529
7.0121878149998	'/videorec/frame'	116
7.0549123759999	'/minibee/data'	7	1.0	1.0	1.0	1.0	1.0	0.51812964677811	0.49420094490051	0.53412282466888
7.0761163039999	'/videorec/frame'	117
7.11878422	'/minibee/data'	7	1.0	1.0	1.0	1.0	1.0	0.51544380187988	0.49261385202408	0.5277743935585
7.1277232499999	'/videorec/frame'	118
7.182531813	'/minibee/data'	7	1.0	1.0	1.0	1.0	1.0	0.50567698478699	0.52069342136383	0.50860702991486
7.1887989639999	'/videorec/frame'	119
7.246437477	'/minibee/data'	7	1.0	1.0	1.0	1.0	1.0	0.49786350131035	0.53461116552353	0.51751923561096
7.2511831729998	'/videorec/frame'	120
7.310550639	'/minibee/data'	7	1.0	1.0	1.0	1.0	1.0	0.49407887458801	0.52252471446991	0.52105969190598
7.3151521909999	'/videorec/frame'	121
7.3731887029999	'/videorec/frame'	122
7.374221048	'/minibee/data'	7	1.0	1.0	1.0	1.0	1.0	0.49383470416069	0.52313512563705	0.51837384700775
7.4333477789999	'/videorec/frame'	123
7.4380623919999	'/minibee/data'	7	1.0	1.0	1.0	1.0	1.0	0.49432304501534	0.51935052871704	0.51739716529846
7.494428085	'/videorec/frame'	124
7.5018986499999	'/minibee/data'	7	1.0	1.0	1.0	1.0	1.0	0.49383470416069	0.5192283987999	0.51764130592346
7.5527344329998	'/videorec/frame'	125
7.5658285339998	'/minibee/data'	7	1.0	1.0	1.0	1.0	1.0	0.49359053373337	0.51642048358917	0.51996093988419
7.615865067	'/videorec/frame'	126
7.629579102	'/minibee/data'	7	1.0	1.0	1.0	1.0	1.0	0.49395677447319	0.51874005794525	0.52081555128098
7.6753939159998	'/videorec/frame'	127
7.6935845609999	'/minibee/data'	7	1.0	1.0	1.0	1.0	1.0	0.49371260404587	0.52020508050919	0.52118176221848
7.7333387689998	'/videorec/frame'	128
7.7572316129999	'/minibee/data'	7	1.0	1.0	1.0	1.0	1.0	0.49188134074211	0.52240264415741	0.52167010307312
7.795703104	'/videorec/frame'	129
7.8212118919998	'/minibee/data'	7	1.0	1.0	1.0	1.0	1.0	0.48980587720871	0.5233793258667	0.51947259902954
7.853251024	'/videorec/frame'	130
7.8849916219999	'/minibee/data'	7	1.0	1.0	1.0	1.0	1.0	0.49578806757927	0.53009402751923	0.50836282968521
7.916108682	'/videorec/frame'	131
7.9490004459999	'/minibee/data'	7	1.0	1.0	1.0	1.0	1.0	0.50616532564163	0.51336830854416	0.49542179703712
7.9740638829999	'/videorec/frame'	132
8.0127226459999	'/minibee/data'	7	1.0	1.0	1.0	1.0	1.0	0.51971673965454	0.43425711989403	0.53497743606567
8.0349365929999	'/videorec/frame'	133
8.076641568	'/minibee/data'	7	1.0	1.0	1.0	1.0	1.0	0.51983886957169	0.49603223800659	0.52594310045242
8.0920194339999	'/videorec/frame'	134
8.1243718639998	'/minibee/data'	7	1.0	1.0	1.0	1.0	1.0	0.52398973703384	0.50152605772018	0.52301305532455
8.1479211009998	'/videorec/frame'	135
8.1881225929999	'/minibee/data'	7	1.0	1.0	1.0	1.0	1.0	0.52154803276062	0.50152605772018	0.5235013961792
8.213553674	'/videorec/frame'	136
8.252162497	'/minibee/data'	7	1.0	1.0	1.0	1.0	1.0	0.51556587219238	0.50067144632339	0.52972775697708
8.2748954209999	'/videorec/frame'	137
8.315927355	'/minibee/data'	7	1.0	1.0	1.0	1.0	1.0	0.51751923561096	0.50018310546875	0.52753019332886
8.3345516889999	'/videorec/frame'	138
8.379941098	'/minibee/data'	7	1.0	1.0	1.0	1.0	1.0	0.51678669452667	0.50091564655304	0.52606517076492
8.395040358	'/videorec/frame'	139
8.4437950869999	'/minibee/data'	7	1.0	1.0	1.0	1.0	1.0	0.51764130592346	0.50152605772018	0.52557682991028
8.4565278939999	'/videorec/frame'	140
8.5077494999998	'/minibee/data'	7	1.0	1.0	1.0	1.0	1.0	0.5188621878624	0.50079357624054	0.52667564153671
8.515721712	'/videorec/frame'	141
8.571118802	'/minibee/data'	7	1.0	1.0	1.0	1.0	1.0	0.52008301019669	0.50006103515625	0.52923941612244
8.572316689	'/videorec/frame'	142
8.6350400589999	'/minibee/data'	7	1.0	1.0	1.0	1.0	1.0	0.52191430330276	0.49627640843391	0.53534364700317
8.635285633	'/videorec/frame'	143
8.6925538369999	'/videorec/frame'	144
8.699247496	'/minibee/data'	7	1.0	1.0	1.0	1.0	1.0	0.5235013961792	0.50433403253555	0.51825171709061
8.7527681689999	'/videorec/frame'	145
8.7628432619999	'/minibee/data'	7	1.0	1.0	1.0	1.0	1.0	0.50860702991486	0.51458919048309	0.50811868906021
8.8171517139999	'/videorec/frame'	146
8.8267835049999	'/minibee/data'	7	1.0	1.0	1.0	1.0	1.0	0.49261385202408	0.52911734580994	0.52142596244812
8.8729744789998	'/videorec/frame'	147
8.890630954	'/minibee/data'	7	1.0	1.0	1.0	1.0	1.0	0.49029421806335	0.51202541589737	0.52667564153671
8.9338420419999	'/videorec/frame'	148
8.95456696	'/minibee/data'	7	1.0	1.0	1.0	1.0	1.0	0.49139299988747	0.51971673965454	0.52105969190598
8.9927152569999	'/videorec/frame'	149
9.018422329	'/minibee/data'	7	1.0	1.0	1.0	1.0	1.0	0.49591013789177	0.51678669452667	0.5189842581749
9.056161359	'/videorec/frame'	150
9.082185215	'/minibee/data'	7	1.0	1.0	1.0	1.0	1.0	0.49627640843391	0.51678669452667	0.52020508050919
9.1077522629998	'/videorec/frame'	151
9.145788091	'/minibee/data'	7	1.0	1.0	1.0	1.0	1.0	0.49407887458801	0.5191063284874	0.52215844392776
9.167971157	'/videorec/frame'	152
9.2097608899999	'/minibee/data'	7	1.0	1.0	1.0	1.0	1.0	0.4951776266098	0.51703089475632	0.5232572555542
9.2313704379999	'/videorec/frame'	153
9.2578124489999	'/minibee/data'	7	1.0	1.0	1.0	1.0	1.0	0.49664264917374	0.51800757646561	0.5233793258667
9.2944238389998	'/videorec/frame'	154
9.321629179	'/minibee/data'	7	1.0	1.0	1.0	1.0	1.0	0.49664264917374	0.5188621878624	0.52252471446991
9.3545925169999	'/videorec/frame'	155
9.3856374769998	'/minibee/data'	7	1.0	1.0	1.0	1.0	1.0	0.4973751604557	0.51751923561096	0.52252471446991
9.4139545169999	'/videorec/frame'	156
9.4492046319999	'/minibee/data'	7	1.0	1.0	1.0	1.0	1.0	0.49676474928856	0.51849591732025	0.52264678478241
9.474295382	'/videorec/frame'	157
9.5131552999999	'/minibee/data'	7	1.0	1.0	1.0	1.0	1.0	0.4951776266098	0.51837384700775	0.52264678478241
9.535741143	'/videorec/frame'	158
9.5769597199999	'/minibee/data'	7	1.0	1.0	1.0	1.0	1.0	0.49005004763603	0.53436696529388	0.51568794250488
9.5946499639999	'/videorec/frame'	159
9.6407033089999	'/minibee/data'	7	1.0	1.0	1.0	1.0	1.0	0.50763034820557	0.52252471446991	0.50042730569839
9.650751826	'/videorec/frame'	160
9.7047808939999	'/minibee/data'	7	1.0	1.0	1.0	1.0	1.0	0.50970578193665	0.44121596217155	0.53497743606567
9.7143424639999	'/videorec/frame'	161
9.768675946	'/minibee/data'	7	1.0	1.0	1.0	1.0	1.0	0.51568794250488	0.49981686472893	0.51874005794525
9.774493161	'/videorec/frame'	162
9.8324028489999	'/minibee/data'	7	1.0	1.0	1.0	1.0	1.0	0.52093762159348	0.49236968159676	0.52093762159348
9.8336906539998	'/videorec/frame'	163
9.8956984909998	'/videorec/frame'	164
9.8962331579999	'/minibee/data'	7	1.0	1.0	1.0	1.0	1.0	0.52582103013992	0.49896228313446	0.52154803276062
9.953167612	'/videorec/frame'	165
9.9600828709999	'/minibee/data'	7	1.0	1.0	1.0	1.0	1.0	0.52130389213562	0.49957269430161	0.53033816814423
10.014111655	'/videorec/frame'	166
10.023786891	'/minibee/data'	7	1.0	1.0	1.0	1.0	1.0	0.51861798763275	0.49810767173767	0.53046023845673
10.073251151	'/videorec/frame'	167
10.087751056	'/minibee/data'	7	1.0	1.0	1.0	1.0	1.0	0.51751923561096	0.49871811270714	0.52557682991028
10.127764362	'/videorec/frame'	168
10.151381141	'/minibee/data'	7	1.0	1.0	1.0	1.0	1.0	0.51703089475632	0.49908435344696	0.52460014820099
10.188698217	'/videorec/frame'	169
10.215203265	'/minibee/data'	7	1.0	1.0	1.0	1.0	1.0	0.51849591732025	0.49871811270714	0.52569895982742
10.25252387	'/videorec/frame'	170
10.279313619	'/minibee/data'	7	1.0	1.0	1.0	1.0	1.0	0.52008301019669	0.49383470416069	0.53229153156281
10.3155858	'/videorec/frame'	171
10.343109479	'/minibee/data'	7	1.0	1.0	1.0	1.0	1.0	0.5236234664917	0.49151507019997	0.52887314558029
10.374016992	'/videorec/frame'	172
10.391141525	'/minibee/data'	7	1.0	1.0	1.0	1.0	1.0	0.51178121566772	0.49761933088303	0.51678669452667
10.431283345	'/videorec/frame'	173
10.454814658	'/minibee/data'	7	1.0	1.0	1.0	1.0	1.0	0.50555485486984	0.51275789737701	0.52484434843063
10.494346497	'/videorec/frame'	174
10.518640145	'/minibee/data'	7	1.0	1.0	1.0	1.0	1.0	0.490782558918	0.52728605270386	0.52081555128098
10.552598204	'/videorec/frame'	175
10.582673719	'/minibee/data'	7	1.0	1.0	1.0	1.0	1.0	0.49188134074211	0.51715296506882	0.5235013961792
10.615344687	'/videorec/frame'	176
10.646345422	'/minibee/data'	7	1.0	1.0	1.0	1.0	1.0	0.49212551116943	0.51776337623596	0.52032721042633
10.673203869	'/videorec/frame'	177
10.71057102	'/minibee/data'	7	1.0	1.0	1.0	1.0	1.0	0.49310219287872	0.51605421304703	0.5192283987999
10.733414441	'/videorec/frame'	178
10.774122067	'/minibee/data'	7	1.0	1.0	1.0	1.0	1.0	0.49407887458801	0.51483333110809	0.5189842581749
10.794593655	'/videorec/frame'	179
10.838068062	'/minibee/data'	7	1.0	1.0	1.0	1.0	1.0	0.49334636330605	0.51703089475632	0.52020508050919
10.853184387	'/videorec/frame'	180
10.901716374	'/minibee/data'	7	1.0	1.0	1.0	1.0	1.0	0.49273592233658	0.51532167196274	0.5232572555542
10.916016634	'/videorec/frame'	181
10.965580456	'/minibee/data'	7	1.0	1.0	1.0	1.0	1.0	0.49212551116943	0.51935052871704	0.52374559640884
10.975279135	'/videorec/frame'	182
11.029546612	'/minibee/data'	7	1.0	1.0	1.0	1.0	1.0	0.49151507019997	0.52093762159348	0.52228057384491
11.035100921	'/videorec/frame'	183
11.093206828	'/minibee/data'	7	1.0	1.0	1.0	1.0	1.0	0.4928580224514	0.527896463871	0.51849591732025
11.093486803	'/videorec/frame'	184
11.147858125	'/videorec/frame'	185
11.156945662	'/minibee/data'	7	1.0	1.0	1.0	1.0	1.0	0.50006103515625	0.50262480974197	0.51446712017059
11.211042453	'/videorec/frame'	186
11.22094417	'/minibee/data'	7	1.0	1.0	1.0	1.0	1.0	0.51068246364594	0.45965084433556	0.52521061897278
11.271883196	'/videorec/frame'	187
11.284860348	'/minibee/data'	7	1.0	1.0	1.0	1.0	1.0	0.51642048358917	0.50274693965912	0.52814066410065
11.334971905	'/videorec/frame'	188
11.348743375	'/minibee/data'	7	1.0	1.0	1.0	1.0	1.0	0.5233793258667	0.49676474928856	0.51678669452667
11.393346186	'/videorec/frame'	189
11.412578082	'/minibee/data'	7	1.0	1.0	1.0	1.0	1.0	0.52704185247421	0.50091564655304	0.52008301019669
11.454542206	'/videorec/frame'	190
11.460590148	'/minibee/data'	7	1.0	1.0	1.0	1.0	1.0	0.52118176221848	0.50335735082626	0.52594310045242
11.514484226	'/videorec/frame'	191
11.524594825	'/minibee/data'	7	1.0	1.0	1.0	1.0	1.0	0.51849591732025	0.49798560142517	0.52569895982742
11.574131607	'/videorec/frame'	192
11.58827801	'/minibee/data'	7	1.0	1.0	1.0	1.0	1.0	0.51825171709061	0.50018310546875	0.52655351161957
11.633877527	'/videorec/frame'	193
11.651988899	'/minibee/data'	7	1.0	1.0	1.0	1.0	1.0	0.51800757646561	0.50152605772018	0.52374559640884
11.692446904	'/videorec/frame'	194
11.716062056	'/minibee/data'	7	1.0	1.0	1.0	1.0	1.0	0.51874005794525	0.50079357624054	0.5235013961792
11.754635106	'/videorec/frame'	195
11.77980238	'/minibee/data'	7	1.0	1.0	1.0	1.0	1.0	0.51837384700775	0.50152605772018	0.52398973703384
11.812484211	'/videorec/frame'	196
11.843843275	'/minibee/data'	7	1.0	1.0	1.0	1.0	1.0	0.51837384700775	0.50128191709518	0.52386766672134
11.872956639	'/videorec/frame'	197
11.907548601	'/minibee/data'	7	1.0	1.0	1.0	1.0	1.0	0.51800757646561	0.50103771686554	0.52484434843063
11.934688388	'/videorec/frame'	198
11.971326848	'/minibee/data'	7	1.0	1.0	1.0	1.0	1.0	0.51776337623596	0.50164812803268	0.52496641874313
