0.00087479800004076	'/videorec/record/start'	'conceptors_171127_141814_11.avi'
0.020257204000018	'/minibee/data'	7	1.0	1.0	1.0	1.0	1.0	0.52533268928528	0.48357954621315	0.51629835367203
0.061690650999935	'/videorec/frame'	0
0.084329427000057	'/minibee/data'	7	1.0	1.0	1.0	1.0	1.0	0.52301305532455	0.48394578695297	0.51043826341629
0.12120787200001	'/videorec/frame'	1
0.14816661400005	'/minibee/data'	7	1.0	1.0	1.0	1.0	1.0	0.52191430330276	0.48748627305031	0.49969479441643
0.18150552199995	'/videorec/frame'	2
0.21184753500006	'/minibee/data'	7	1.0	1.0	1.0	1.0	1.0	0.52008301019669	0.49261385202408	0.48992797732353
0.23684963400001	'/videorec/frame'	3
0.27562999799989	'/minibee/data'	7	1.0	1.0	1.0	1.0	1.0	0.52276891469955	0.49822977185249	0.48675376176834
0.30197984100005	'/videorec/frame'	4
0.33978090400001	'/minibee/data'	7	1.0	1.0	1.0	1.0	1.0	0.52069342136383	0.49627640843391	0.47979488968849
0.36267601899999	'/videorec/frame'	5
0.40353934099994	'/minibee/data'	7	1.0	1.0	1.0	1.0	1.0	0.51959466934204	0.51410084962845	0.45672079920769
0.42365951200009	'/videorec/frame'	6
0.467547513	'/minibee/data'	7	1.0	1.0	1.0	1.0	1.0	0.51666462421417	0.51935052871704	0.44243681430817
0.48132730399993	'/videorec/frame'	7
0.53130456500003	'/minibee/data'	7	1.0	1.0	1.0	1.0	1.0	0.51983886957169	0.52753019332886	0.4558661878109
0.54307760000006	'/videorec/frame'	8
0.59503208699994	'/minibee/data'	7	1.0	1.0	1.0	1.0	1.0	0.51300209760666	0.54840677976608	0.46441215276718
0.6014727029999	'/videorec/frame'	9
0.65901811899994	'/minibee/data'	7	1.0	1.0	1.0	1.0	1.0	0.51080453395844	0.5462092757225	0.4810157418251
0.66421963700009	'/videorec/frame'	10
0.72076026199989	'/videorec/frame'	11
0.7227211259999	'/minibee/data'	7	1.0	1.0	1.0	1.0	1.0	0.50579905509949	0.52923941612244	0.49688681960106
0.78157947799991	'/videorec/frame'	12
0.78650111899992	'/minibee/data'	7	1.0	1.0	1.0	1.0	1.0	0.50787448883057	0.51776337623596	0.49993896484375
0.84131547399988	'/videorec/frame'	13
0.85044546800009	'/minibee/data'	7	1.0	1.0	1.0	1.0	1.0	0.50738614797592	0.51471126079559	0.50030523538589
0.90325585000005	'/videorec/frame'	14
0.91426542799991	'/minibee/data'	7	1.0	1.0	1.0	1.0	1.0	0.50885117053986	0.51605421304703	0.50067144632339
0.96074859100008	'/videorec/frame'	15
0.97811721099993	'/minibee/data'	7	1.0	1.0	1.0	1.0	1.0	0.50592112541199	0.53046023845673	0.50726407766342
1.023637797	'/videorec/frame'	16
1.0420388120001	'/minibee/data'	7	1.0	1.0	1.0	1.0	1.0	0.50115978717804	0.5420583486557	0.50445610284805
1.082319378	'/videorec/frame'	17
1.10589785	'/minibee/data'	7	1.0	1.0	1.0	1.0	1.0	0.49688681960106	0.55512148141861	0.49749726057053
1.1432578460001	'/videorec/frame'	18
1.169882379	'/minibee/data'	7	1.0	1.0	1.0	1.0	1.0	0.49749726057053	0.5562202334404	0.49859601259232
1.1961949720001	'/videorec/frame'	19
1.217474821	'/minibee/data'	7	1.0	1.0	1.0	1.0	1.0	0.50347942113876	0.5702600479126	0.49175924062729
1.2566715299999	'/videorec/frame'	20
1.2814734849999	'/minibee/data'	7	1.0	1.0	1.0	1.0	1.0	0.51458919048309	0.5047003030777	0.50103771686554
1.319646551	'/videorec/frame'	21
1.3454682209999	'/minibee/data'	7	1.0	1.0	1.0	1.0	1.0	0.50970578193665	0.4810157418251	0.53290194272995
1.384369014	'/videorec/frame'	22
1.4094914899999	'/minibee/data'	7	1.0	1.0	1.0	1.0	1.0	0.51495546102524	0.51031619310379	0.50335735082626
1.444930681	'/videorec/frame'	23
1.473277762	'/minibee/data'	7	1.0	1.0	1.0	1.0	1.0	0.52020508050919	0.5050665140152	0.50079357624054
1.5034448649999	'/videorec/frame'	24
1.536982627	'/minibee/data'	7	1.0	1.0	1.0	1.0	1.0	0.52105969190598	0.50164812803268	0.49981686472893
1.564505152	'/videorec/frame'	25
1.6007630409999	'/minibee/data'	7	1.0	1.0	1.0	1.0	1.0	0.52179223299026	0.50115978717804	0.50628739595413
1.621714825	'/videorec/frame'	26
1.664718583	'/minibee/data'	7	1.0	1.0	1.0	1.0	1.0	0.52044928073883	0.50518864393234	0.51312416791916
1.6808379920001	'/videorec/frame'	27
1.7285233729999	'/minibee/data'	7	1.0	1.0	1.0	1.0	1.0	0.51874005794525	0.52545475959778	0.48223659396172
1.741595789	'/videorec/frame'	28
1.7922736630001	'/minibee/data'	7	1.0	1.0	1.0	1.0	1.0	0.51324623823166	0.54572093486786	0.45842999219894
1.802762626	'/videorec/frame'	29
1.855952911	'/minibee/data'	7	1.0	1.0	1.0	1.0	1.0	0.51129287481308	0.55365645885468	0.46905139088631
1.863233346	'/videorec/frame'	30
1.9198721600001	'/minibee/data'	7	1.0	1.0	1.0	1.0	1.0	0.51031619310379	0.55744111537933	0.47674277424812
1.9229846650001	'/videorec/frame'	31
1.976582922	'/videorec/frame'	32
1.9836992559999	'/minibee/data'	7	1.0	1.0	1.0	1.0	1.0	0.51263582706451	0.54840677976608	0.4862654209137
2.043395356	'/videorec/frame'	33
2.047809941	'/minibee/data'	7	1.0	1.0	1.0	1.0	1.0	0.50970578193665	0.53851789236069	0.48943963646889
2.1024818670001	'/videorec/frame'	34
2.1115848940001	'/minibee/data'	7	1.0	1.0	1.0	1.0	1.0	0.51141494512558	0.52228057384491	0.49432304501534
2.1646025099999	'/videorec/frame'	35
2.175562206	'/minibee/data'	7	1.0	1.0	1.0	1.0	1.0	0.51300209760666	0.51104873418808	0.49896228313446
2.216456052	'/videorec/frame'	36
2.2393221919999	'/minibee/data'	7	1.0	1.0	1.0	1.0	1.0	0.5134904384613	0.50726407766342	0.50006103515625
2.27732515	'/videorec/frame'	37
2.303002289	'/minibee/data'	7	1.0	1.0	1.0	1.0	1.0	0.5136125087738	0.5137345790863	0.50115978717804
2.342423911	'/videorec/frame'	38
2.351051974	'/minibee/data'	7	1.0	1.0	1.0	1.0	1.0	0.5093395113945	0.52398973703384	0.50274693965912
2.4049866739999	'/videorec/frame'	39
2.4147917559999	'/minibee/data'	7	1.0	1.0	1.0	1.0	1.0	0.50640946626663	0.54010498523712	0.50689780712128
2.4614324039999	'/videorec/frame'	40
2.478868814	'/minibee/data'	7	1.0	1.0	1.0	1.0	1.0	0.50384569168091	0.56208032369614	0.51117080450058
2.5213984049999	'/videorec/frame'	41
2.542593116	'/minibee/data'	7	1.0	1.0	1.0	1.0	1.0	0.50054937601089	0.56122571229935	0.50457817316055
2.5834799209999	'/videorec/frame'	42
2.606256607	'/minibee/data'	7	1.0	1.0	1.0	1.0	1.0	0.50628739595413	0.56610912084579	0.50518864393234
2.639552331	'/videorec/frame'	43
2.67003815	'/minibee/data'	7	1.0	1.0	1.0	1.0	1.0	0.51483333110809	0.51959466934204	0.52521061897278
2.6966100479999	'/videorec/frame'	44
2.734005687	'/minibee/data'	7	1.0	1.0	1.0	1.0	1.0	0.50787448883057	0.49591013789177	0.53888416290283
2.7566393950001	'/videorec/frame'	45
2.7978018700001	'/minibee/data'	7	1.0	1.0	1.0	1.0	1.0	0.51422291994095	0.51519960165024	0.5137345790863
2.8167494520001	'/videorec/frame'	46
2.861567442	'/minibee/data'	7	1.0	1.0	1.0	1.0	1.0	0.52044928073883	0.50677573680878	0.50518864393234
2.8765950699999	'/videorec/frame'	47
2.925552935	'/minibee/data'	7	1.0	1.0	1.0	1.0	1.0	0.52154803276062	0.50335735082626	0.49664264917374
2.936776321	'/videorec/frame'	48
2.9893957700001	'/minibee/data'	7	1.0	1.0	1.0	1.0	1.0	0.52252471446991	0.49993896484375	0.49822977185249
3.0005442050001	'/videorec/frame'	49
3.0533739059999	'/minibee/data'	7	1.0	1.0	1.0	1.0	1.0	0.52411180734634	0.50213646888733	0.49981686472893
3.0604322469999	'/videorec/frame'	50
3.117150372	'/minibee/data'	7	1.0	1.0	1.0	1.0	1.0	0.52008301019669	0.50640946626663	0.5136125087738
3.1244329399999	'/videorec/frame'	51
3.1807369159999	'/minibee/data'	7	1.0	1.0	1.0	1.0	1.0	0.51153707504272	0.5134904384613	0.52643144130707
3.181425318	'/videorec/frame'	52
3.2403210489999	'/videorec/frame'	53
3.244658377	'/minibee/data'	7	1.0	1.0	1.0	1.0	1.0	0.51568794250488	0.51275789737701	0.52020508050919
3.2973765429999	'/videorec/frame'	54
3.308699749	'/minibee/data'	7	1.0	1.0	1.0	1.0	1.0	0.50518864393234	0.55902820825577	0.4602612555027
3.362654087	'/videorec/frame'	55
3.372518166	'/minibee/data'	7	1.0	1.0	1.0	1.0	1.0	0.50250273942947	0.57673054933548	0.47832986712456
3.422195485	'/videorec/frame'	56
3.4363134759999	'/minibee/data'	7	1.0	1.0	1.0	1.0	1.0	0.50177025794983	0.54755216836929	0.48834085464478
3.484205302	'/videorec/frame'	57
3.5001618910001	'/minibee/data'	7	1.0	1.0	1.0	1.0	1.0	0.5049444437027	0.53448909521103	0.49236968159676
3.543264503	'/videorec/frame'	58
3.548269551	'/minibee/data'	7	1.0	1.0	1.0	1.0	1.0	0.51239162683487	0.53400075435638	0.49114882946014
3.601189597	'/videorec/frame'	59
3.6120193889999	'/minibee/data'	7	1.0	1.0	1.0	1.0	1.0	0.50372362136841	0.51837384700775	0.50091564655304
3.6636827269999	'/videorec/frame'	60
3.6757748	'/minibee/data'	7	1.0	1.0	1.0	1.0	1.0	0.50408983230591	0.51532167196274	0.50543278455734
3.721964908	'/videorec/frame'	61
3.739633375	'/minibee/data'	7	1.0	1.0	1.0	1.0	1.0	0.51056039333344	0.51544380187988	0.50689780712128
3.7837991030001	'/videorec/frame'	62
3.803556204	'/minibee/data'	7	1.0	1.0	1.0	1.0	1.0	0.50775241851807	0.5236234664917	0.5049444437027
3.843104561	'/videorec/frame'	63
3.867516841	'/minibee/data'	7	1.0	1.0	1.0	1.0	1.0	0.50836282968521	0.52948355674744	0.50567698478699
3.901996454	'/videorec/frame'	64
3.931265814	'/minibee/data'	7	1.0	1.0	1.0	1.0	1.0	0.50445610284805	0.55731898546219	0.51178121566772
3.9646290650001	'/videorec/frame'	65
3.9953351480001	'/minibee/data'	7	1.0	1.0	1.0	1.0	1.0	0.49835184216499	0.53656452894211	0.51581001281738
4.0206429519999	'/videorec/frame'	66
4.059047036	'/minibee/data'	7	1.0	1.0	1.0	1.0	1.0	0.51019412279129	0.46685385704041	0.53937250375748
4.0830457459999	'/videorec/frame'	67
4.1227772059999	'/minibee/data'	7	1.0	1.0	1.0	1.0	1.0	0.49383470416069	0.4951776266098	0.54291296005249
4.143011831	'/videorec/frame'	68
4.1865673729999	'/minibee/data'	7	1.0	1.0	1.0	1.0	1.0	0.49908435344696	0.50103771686554	0.53705286979675
4.198721045	'/videorec/frame'	69
4.2503002829999	'/minibee/data'	7	1.0	1.0	1.0	1.0	1.0	0.51043826341629	0.50616532564163	0.51983886957169
4.256845869	'/videorec/frame'	70
4.314250573	'/minibee/data'	7	1.0	1.0	1.0	1.0	1.0	0.51605421304703	0.50616532564163	0.50701987743378
4.3211783940001	'/videorec/frame'	71
4.3779953420001	'/minibee/data'	7	1.0	1.0	1.0	1.0	1.0	0.52008301019669	0.50616532564163	0.50079357624054
4.3833468299999	'/videorec/frame'	72
4.4419986559999	'/minibee/data'	7	1.0	1.0	1.0	1.0	1.0	0.52289098501205	0.5048223733902	0.49847394227982
4.4450957889999	'/videorec/frame'	73
4.5044845760001	'/videorec/frame'	74
4.5056243649999	'/minibee/data'	7	1.0	1.0	1.0	1.0	1.0	0.52301305532455	0.50421196222305	0.50531071424484
4.5600567609999	'/videorec/frame'	75
4.569820768	'/minibee/data'	7	1.0	1.0	1.0	1.0	1.0	0.51483333110809	0.50848489999771	0.52130389213562
4.622253882	'/videorec/frame'	76
4.6335741800001	'/minibee/data'	7	1.0	1.0	1.0	1.0	1.0	0.5134904384613	0.51666462421417	0.52020508050919
4.683897614	'/videorec/frame'	77
4.697428813	'/minibee/data'	7	1.0	1.0	1.0	1.0	1.0	0.51593214273453	0.53973871469498	0.4744231402874
4.7413549939999	'/videorec/frame'	78
4.745326537	'/minibee/data'	7	1.0	1.0	1.0	1.0	1.0	0.50042730569839	0.57758516073227	0.46856305003166
4.801072623	'/videorec/frame'	79
4.8088809599999	'/minibee/data'	7	1.0	1.0	1.0	1.0	1.0	0.49188134074211	0.56501036882401	0.50030523538589
4.8595741459999	'/videorec/frame'	80
4.873069818	'/minibee/data'	7	1.0	1.0	1.0	1.0	1.0	0.49542179703712	0.55390059947968	0.50799655914307
4.92326869	'/videorec/frame'	81
4.9368556279999	'/minibee/data'	7	1.0	1.0	1.0	1.0	1.0	0.50567698478699	0.53094857931137	0.49981686472893
4.9839682950001	'/videorec/frame'	82
5.0008752859999	'/minibee/data'	7	1.0	1.0	1.0	1.0	1.0	0.51544380187988	0.51642048358917	0.49127089977264
5.0432908569999	'/videorec/frame'	83
5.064495547	'/minibee/data'	7	1.0	1.0	1.0	1.0	1.0	0.51544380187988	0.50433403253555	0.49761933088303
5.1030636519999	'/videorec/frame'	84
5.1285383269999	'/minibee/data'	7	1.0	1.0	1.0	1.0	1.0	0.51422291994095	0.50128191709518	0.50408983230591
5.162633443	'/videorec/frame'	85
5.192283092	'/minibee/data'	7	1.0	1.0	1.0	1.0	1.0	0.5136125087738	0.51287996768951	0.50665366649628
5.216268161	'/videorec/frame'	86
5.256057846	'/minibee/data'	7	1.0	1.0	1.0	1.0	1.0	0.50799655914307	0.52484434843063	0.50824075937271
5.276835575	'/videorec/frame'	87
5.319811845	'/minibee/data'	7	1.0	1.0	1.0	1.0	1.0	0.50408983230591	0.54376757144928	0.509217441082
5.343056013	'/videorec/frame'	88
5.3837366979999	'/minibee/data'	7	1.0	1.0	1.0	1.0	1.0	0.50140398740768	0.55744111537933	0.52179223299026
5.4026996709999	'/videorec/frame'	89
5.447767071	'/minibee/data'	7	1.0	1.0	1.0	1.0	1.0	0.509217441082	0.53802955150604	0.52533268928528
5.462480315	'/videorec/frame'	90
5.5113885179999	'/minibee/data'	7	1.0	1.0	1.0	1.0	1.0	0.50750821828842	0.48821878433228	0.54059332609177
5.524504856	'/videorec/frame'	91
5.5752499140001	'/minibee/data'	7	1.0	1.0	1.0	1.0	1.0	0.49774143099785	0.50164812803268	0.53815162181854
5.583216834	'/videorec/frame'	92
5.6366976070001	'/videorec/frame'	93
5.63897361	'/minibee/data'	7	1.0	1.0	1.0	1.0	1.0	0.50824075937271	0.51056039333344	0.53009402751923
5.7019235749999	'/videorec/frame'	94
5.702971592	'/minibee/data'	7	1.0	1.0	1.0	1.0	1.0	0.51617628335953	0.50714200735092	0.51483333110809
5.763223103	'/videorec/frame'	95
5.766843459	'/minibee/data'	7	1.0	1.0	1.0	1.0	1.0	0.52081555128098	0.50335735082626	0.51202541589737
5.8230377099999	'/videorec/frame'	96
5.8307936690001	'/minibee/data'	7	1.0	1.0	1.0	1.0	1.0	0.52289098501205	0.50140398740768	0.51068246364594
5.8837249400001	'/videorec/frame'	97
5.8945904689999	'/minibee/data'	7	1.0	1.0	1.0	1.0	1.0	0.52460014820099	0.49761933088303	0.51483333110809
5.9430727879999	'/videorec/frame'	98
5.9584044850001	'/minibee/data'	7	1.0	1.0	1.0	1.0	1.0	0.52594310045242	0.49664264917374	0.51666462421417
