0.00095961600004557	'/videorec/record/start'	'conceptors_171127_141814_6.avi'
0.042614212999979	'/minibee/data'	7	1.0	1.0	1.0	1.0	1.0	0.50750821828842	0.49957269430161	0.5280185341835
0.050727178999978	'/videorec/frame'	0
0.10612182199998	'/minibee/data'	7	1.0	1.0	1.0	1.0	1.0	0.50738614797592	0.50006103515625	0.5277743935585
0.11223394700005	'/videorec/frame'	1
0.16540634600005	'/videorec/frame'	2
0.16981336200001	'/minibee/data'	7	1.0	1.0	1.0	1.0	1.0	0.50750821828842	0.50006103515625	0.527652323246
0.23032523999996	'/videorec/frame'	3
0.23387692400001	'/minibee/data'	7	1.0	1.0	1.0	1.0	1.0	0.50763034820557	0.50030523538589	0.52740812301636
0.29256780599985	'/videorec/frame'	4
0.29770450199999	'/minibee/data'	7	1.0	1.0	1.0	1.0	1.0	0.50750821828842	0.50006103515625	0.5277743935585
0.34550321200004	'/minibee/data'	7	1.0	1.0	1.0	1.0	1.0	0.50726407766342	0.50030523538589	0.52875107526779
0.35098766299984	'/videorec/frame'	5
0.40938528699985	'/minibee/data'	7	1.0	1.0	1.0	1.0	1.0	0.50738614797592	0.50006103515625	0.52862900495529
0.41050576099997	'/videorec/frame'	6
0.47088521899991	'/videorec/frame'	7
0.47333549199993	'/minibee/data'	7	1.0	1.0	1.0	1.0	1.0	0.50726407766342	0.50030523538589	0.5280185341835
0.53171379199989	'/videorec/frame'	8
0.53724885899987	'/minibee/data'	7	1.0	1.0	1.0	1.0	1.0	0.50640946626663	0.49981686472893	0.527896463871
0.59265918899996	'/videorec/frame'	9
0.60112012800005	'/minibee/data'	7	1.0	1.0	1.0	1.0	1.0	0.50592112541199	0.50042730569839	0.52826273441315
0.65140591399995	'/videorec/frame'	10
0.66510480099987	'/minibee/data'	7	1.0	1.0	1.0	1.0	1.0	0.50579905509949	0.49774143099785	0.52972775697708
0.71120325699985	'/videorec/frame'	11
0.72869489499999	'/minibee/data'	7	1.0	1.0	1.0	1.0	1.0	0.50677573680878	0.50140398740768	0.53021609783173
0.7693674709999	'/videorec/frame'	12
0.79253494799991	'/minibee/data'	7	1.0	1.0	1.0	1.0	1.0	0.50958371162415	0.50848489999771	0.52887314558029
0.83196018599983	'/videorec/frame'	13
0.85649686099987	'/minibee/data'	7	1.0	1.0	1.0	1.0	1.0	0.51104873418808	0.51642048358917	0.52398973703384
0.89178689300002	'/videorec/frame'	14
0.92033131599987	'/minibee/data'	7	1.0	1.0	1.0	1.0	1.0	0.51214748620987	0.52569895982742	0.51678669452667
0.95310505199996	'/videorec/frame'	15
0.98401906100003	'/minibee/data'	7	1.0	1.0	1.0	1.0	1.0	0.51605421304703	0.52521061897278	0.51434499025345
1.010939837	'/videorec/frame'	16
1.0478297719999	'/minibee/data'	7	1.0	1.0	1.0	1.0	1.0	0.51422291994095	0.53448909521103	0.50738614797592
1.0736504239999	'/videorec/frame'	17
1.1118808219999	'/minibee/data'	7	1.0	1.0	1.0	1.0	1.0	0.51825171709061	0.52460014820099	0.50689780712128
1.13229581	'/videorec/frame'	18
1.1755313169999	'/minibee/data'	7	1.0	1.0	1.0	1.0	1.0	0.51703089475632	0.53094857931137	0.49957269430161
1.18542082	'/videorec/frame'	19
1.239299591	'/minibee/data'	7	1.0	1.0	1.0	1.0	1.0	0.51812964677811	0.52838480472565	0.49810767173767
1.24667417	'/videorec/frame'	20
1.303399982	'/minibee/data'	7	1.0	1.0	1.0	1.0	1.0	0.51983886957169	0.52728605270386	0.49493345618248
1.3122763889999	'/videorec/frame'	21
1.367025434	'/minibee/data'	7	1.0	1.0	1.0	1.0	1.0	0.52203637361526	0.52484434843063	0.49383470416069
1.3700749949999	'/videorec/frame'	22
1.4151277819999	'/minibee/data'	7	1.0	1.0	1.0	1.0	1.0	0.52289098501205	0.5232572555542	0.49127089977264
1.4335640649999	'/videorec/frame'	23
1.478881883	'/minibee/data'	7	1.0	1.0	1.0	1.0	1.0	0.52435600757599	0.52081555128098	0.49005004763603
1.491481515	'/videorec/frame'	24
1.542837788	'/minibee/data'	7	1.0	1.0	1.0	1.0	1.0	0.5236234664917	0.51947259902954	0.48870712518692
1.552606898	'/videorec/frame'	25
1.6064510249998	'/minibee/data'	7	1.0	1.0	1.0	1.0	1.0	0.52472227811813	0.51690882444382	0.4884629547596
1.61869176	'/videorec/frame'	26
1.6704104969999	'/minibee/data'	7	1.0	1.0	1.0	1.0	1.0	0.52569895982742	0.51581001281738	0.48870712518692
1.6905209919998	'/videorec/frame'	27
1.7344056859999	'/minibee/data'	7	1.0	1.0	1.0	1.0	1.0	0.52643144130707	0.51642048358917	0.48821878433228
1.7571229369998	'/videorec/frame'	28
1.7980268439999	'/minibee/data'	7	1.0	1.0	1.0	1.0	1.0	0.52716398239136	0.51690882444382	0.48809668421745
1.8386158759999	'/videorec/frame'	29
1.8621406289999	'/minibee/data'	7	1.0	1.0	1.0	1.0	1.0	0.52753019332886	0.51764130592346	0.48577708005905
1.921027524	'/videorec/frame'	30
1.925747327	'/minibee/data'	7	1.0	1.0	1.0	1.0	1.0	0.527896463871	0.51776337623596	0.48724210262299
1.989733179	'/minibee/data'	7	1.0	1.0	1.0	1.0	1.0	0.5277743935585	0.51776337623596	0.48663166165352
2.0005129690001	'/videorec/frame'	31
2.053613157	'/minibee/data'	7	1.0	1.0	1.0	1.0	1.0	0.52606517076492	0.51788550615311	0.48687583208084
2.080396006	'/videorec/frame'	32
2.1174185289999	'/minibee/data'	7	1.0	1.0	1.0	1.0	1.0	0.52435600757599	0.51996093988419	0.48834085464478
2.1554974539999	'/videorec/frame'	33
2.1812545149999	'/minibee/data'	7	1.0	1.0	1.0	1.0	1.0	0.5236234664917	0.52118176221848	0.49029421806335
2.244941083	'/minibee/data'	7	1.0	1.0	1.0	1.0	1.0	0.52167010307312	0.5232572555542	0.49212551116943
2.2465659299999	'/videorec/frame'	34
2.30893055	'/minibee/data'	7	1.0	1.0	1.0	1.0	1.0	0.5189842581749	0.5236234664917	0.49481138586998
2.3411743090001	'/videorec/frame'	35
2.3728797819999	'/minibee/data'	7	1.0	1.0	1.0	1.0	1.0	0.51654255390167	0.52691978216171	0.49664264917374
2.435400674	'/videorec/frame'	36
2.436476438	'/minibee/data'	7	1.0	1.0	1.0	1.0	1.0	0.51495546102524	0.53046023845673	0.49932852387428
2.4846965719998	'/minibee/data'	7	1.0	1.0	1.0	1.0	1.0	0.51507753133774	0.53448909521103	0.49871811270714
2.5200093619999	'/videorec/frame'	37
2.5484252829999	'/minibee/data'	7	1.0	1.0	1.0	1.0	1.0	0.51019412279129	0.53290194272995	0.50396776199341
2.6120658349998	'/minibee/data'	7	1.0	1.0	1.0	1.0	1.0	0.50738614797592	0.53033816814423	0.5137345790863
2.612943027	'/videorec/frame'	38
2.676044285	'/minibee/data'	7	1.0	1.0	1.0	1.0	1.0	0.50408983230591	0.52191430330276	0.51849591732025
2.701370492	'/videorec/frame'	39
2.739865965	'/minibee/data'	7	1.0	1.0	1.0	1.0	1.0	0.50421196222305	0.5235013961792	0.52142596244812
2.787009725	'/videorec/frame'	40
2.803758864	'/minibee/data'	7	1.0	1.0	1.0	1.0	1.0	0.50677573680878	0.5134904384613	0.52374559640884
2.8677671410001	'/minibee/data'	7	1.0	1.0	1.0	1.0	1.0	0.50677573680878	0.49236968159676	0.52484434843063
2.8831391599999	'/videorec/frame'	41
2.9315383559999	'/minibee/data'	7	1.0	1.0	1.0	1.0	1.0	0.50299108028412	0.48736417293549	0.53290194272995
2.9704538639999	'/videorec/frame'	42
2.9955216349999	'/minibee/data'	7	1.0	1.0	1.0	1.0	1.0	0.50518864393234	0.4906604886055	0.52972775697708
3.059123966	'/minibee/data'	7	1.0	1.0	1.0	1.0	1.0	0.50567698478699	0.49261385202408	0.52667564153671
3.0635833060001	'/videorec/frame'	43
3.1231218359999	'/minibee/data'	7	1.0	1.0	1.0	1.0	1.0	0.5049444437027	0.49200341105461	0.52667564153671
3.150027075	'/videorec/frame'	44
3.186885564	'/minibee/data'	7	1.0	1.0	1.0	1.0	1.0	0.50433403253555	0.49261385202408	0.52740812301636
3.2264174279999	'/videorec/frame'	45
3.250763152	'/minibee/data'	7	1.0	1.0	1.0	1.0	1.0	0.50457817316055	0.49273592233658	0.52753019332886
3.309840805	'/videorec/frame'	46
3.314775264	'/minibee/data'	7	1.0	1.0	1.0	1.0	1.0	0.5050665140152	0.49236968159676	0.52704185247421
3.3785121809999	'/minibee/data'	7	1.0	1.0	1.0	1.0	1.0	0.50531071424484	0.49188134074211	0.52655351161957
3.391419322	'/videorec/frame'	47
3.4424720869999	'/minibee/data'	7	1.0	1.0	1.0	1.0	1.0	0.5047003030777	0.49139299988747	0.52679771184921
3.4620729369999	'/videorec/frame'	48
3.506244019	'/minibee/data'	7	1.0	1.0	1.0	1.0	1.0	0.50457817316055	0.49151507019997	0.52679771184921
3.5303337559999	'/videorec/frame'	49
3.5699319559999	'/minibee/data'	7	1.0	1.0	1.0	1.0	1.0	0.50457817316055	0.49114882946014	0.52679771184921
3.5931020850001	'/videorec/frame'	50
3.6179117659999	'/minibee/data'	7	1.0	1.0	1.0	1.0	1.0	0.5047003030777	0.49127089977264	0.52704185247421
3.652377846	'/videorec/frame'	51
3.6817712519999	'/minibee/data'	7	1.0	1.0	1.0	1.0	1.0	0.50457817316055	0.49200341105461	0.52716398239136
3.712451936	'/videorec/frame'	52
3.7457494789999	'/minibee/data'	7	1.0	1.0	1.0	1.0	1.0	0.5047003030777	0.49200341105461	0.52716398239136
3.772341955	'/videorec/frame'	53
3.809508607	'/minibee/data'	7	1.0	1.0	1.0	1.0	1.0	0.5047003030777	0.49127089977264	0.52679771184921
3.832883495	'/videorec/frame'	54
3.8734882849999	'/minibee/data'	7	1.0	1.0	1.0	1.0	1.0	0.50518864393234	0.49188134074211	0.52655351161957
3.8908843019999	'/videorec/frame'	55
3.9372398319999	'/minibee/data'	7	1.0	1.0	1.0	1.0	1.0	0.5050665140152	0.49127089977264	0.52679771184921
3.953572572	'/videorec/frame'	56
4.001080233	'/minibee/data'	7	1.0	1.0	1.0	1.0	1.0	0.50457817316055	0.49139299988747	0.52679771184921
4.011210873	'/videorec/frame'	57
4.0647062119999	'/minibee/data'	7	1.0	1.0	1.0	1.0	1.0	0.50457817316055	0.49175924062729	0.52679771184921
4.0694097119999	'/videorec/frame'	58
4.1287379089999	'/minibee/data'	7	1.0	1.0	1.0	1.0	1.0	0.5047003030777	0.49163717031479	0.52655351161957
4.132543708	'/videorec/frame'	59
4.1916914209999	'/videorec/frame'	60
4.192352474	'/minibee/data'	7	1.0	1.0	1.0	1.0	1.0	0.5047003030777	0.49163717031479	0.52704185247421
4.252104017	'/videorec/frame'	61
4.2565049459999	'/minibee/data'	7	1.0	1.0	1.0	1.0	1.0	0.50457817316055	0.49175924062729	0.52655351161957
4.3106641469999	'/videorec/frame'	62
4.3202808849999	'/minibee/data'	7	1.0	1.0	1.0	1.0	1.0	0.5047003030777	0.49334636330605	0.52679771184921
4.372621494	'/videorec/frame'	63
4.384176731	'/minibee/data'	7	1.0	1.0	1.0	1.0	1.0	0.5049444437027	0.49591013789177	0.527896463871
4.4300697419999	'/videorec/frame'	64
4.4480926689998	'/minibee/data'	7	1.0	1.0	1.0	1.0	1.0	0.50604319572449	0.49993896484375	0.5277743935585
4.490667775	'/videorec/frame'	65
4.511845387	'/minibee/data'	7	1.0	1.0	1.0	1.0	1.0	0.5050665140152	0.50262480974197	0.52899521589279
4.550162729	'/videorec/frame'	66
4.5757474519999	'/minibee/data'	7	1.0	1.0	1.0	1.0	1.0	0.50616532564163	0.4972530901432	0.53155905008316
4.6106358949999	'/videorec/frame'	67
4.6396070999999	'/minibee/data'	7	1.0	1.0	1.0	1.0	1.0	0.50799655914307	0.4929800927639	0.53204739093781
4.6734546359999	'/videorec/frame'	68
4.7035514029999	'/minibee/data'	7	1.0	1.0	1.0	1.0	1.0	0.5134904384613	0.50970578193665	0.52081555128098
4.730085491	'/videorec/frame'	69
4.7512845159999	'/minibee/data'	7	1.0	1.0	1.0	1.0	1.0	0.51434499025345	0.53265780210495	0.509461581707
4.792047075	'/videorec/frame'	70
4.815098803	'/minibee/data'	7	1.0	1.0	1.0	1.0	1.0	0.51214748620987	0.53632032871246	0.50408983230591
4.848868563	'/videorec/frame'	71
4.879009555	'/minibee/data'	7	1.0	1.0	1.0	1.0	1.0	0.5138566493988	0.53229153156281	0.50238066911697
4.9115729379998	'/videorec/frame'	72
4.94294715	'/minibee/data'	7	1.0	1.0	1.0	1.0	1.0	0.51495546102524	0.53851789236069	0.48968380689621
4.9721564609999	'/videorec/frame'	73
5.0067495329999	'/minibee/data'	7	1.0	1.0	1.0	1.0	1.0	0.5138566493988	0.52997189760208	0.48773044347763
5.031424773	'/videorec/frame'	74
5.07052232	'/minibee/data'	7	1.0	1.0	1.0	1.0	1.0	0.51642048358917	0.5235013961792	0.48663166165352
5.093735598	'/videorec/frame'	75
5.134577153	'/minibee/data'	7	1.0	1.0	1.0	1.0	1.0	0.51715296506882	0.52228057384491	0.48675376176834
5.152588577	'/videorec/frame'	76
5.198078226	'/minibee/data'	7	1.0	1.0	1.0	1.0	1.0	0.52057135105133	0.51593214273453	0.4884629547596
5.2055669619999	'/videorec/frame'	77
5.262068649	'/minibee/data'	7	1.0	1.0	1.0	1.0	1.0	0.52240264415741	0.51666462421417	0.49005004763603
5.266853544	'/videorec/frame'	78
5.325890997	'/minibee/data'	7	1.0	1.0	1.0	1.0	1.0	0.52435600757599	0.51715296506882	0.4885850250721
5.3322582559999	'/videorec/frame'	79
5.389918156	'/minibee/data'	7	1.0	1.0	1.0	1.0	1.0	0.52630937099457	0.51556587219238	0.48504456877708
5.403078092	'/videorec/frame'	80
5.4537040969999	'/minibee/data'	7	1.0	1.0	1.0	1.0	1.0	0.52472227811813	0.5189842581749	0.48345744609833
5.4707740649999	'/videorec/frame'	81
5.5174906729999	'/minibee/data'	7	1.0	1.0	1.0	1.0	1.0	0.52411180734634	0.51971673965454	0.48431205749512
5.551216626	'/videorec/frame'	82
5.5814942479999	'/minibee/data'	7	1.0	1.0	1.0	1.0	1.0	0.52276891469955	0.51959466934204	0.48480039834976
5.630943659	'/videorec/frame'	83
5.645096019	'/minibee/data'	7	1.0	1.0	1.0	1.0	1.0	0.52044928073883	0.51996093988419	0.48748627305031
5.709105121	'/minibee/data'	7	1.0	1.0	1.0	1.0	1.0	0.51849591732025	0.52374559640884	0.49151507019997
5.711599922	'/videorec/frame'	84
5.7729294179999	'/minibee/data'	7	1.0	1.0	1.0	1.0	1.0	0.51617628335953	0.52814066410065	0.49395677447319
5.8025093839999	'/videorec/frame'	85
5.8367296479998	'/minibee/data'	7	1.0	1.0	1.0	1.0	1.0	0.51068246364594	0.53229153156281	0.49676474928856
5.8899844919999	'/videorec/frame'	86
5.9007638769999	'/minibee/data'	7	1.0	1.0	1.0	1.0	1.0	0.51068246364594	0.53326821327209	0.49835184216499
5.948578471	'/minibee/data'	7	1.0	1.0	1.0	1.0	1.0	0.50872910022736	0.53644245862961	0.50225859880447
5.981819246	'/videorec/frame'	87
6.0124494059999	'/minibee/data'	7	1.0	1.0	1.0	1.0	1.0	0.50738614797592	0.53790748119354	0.5090953707695
6.0697310609999	'/videorec/frame'	88
6.0764889249999	'/minibee/data'	7	1.0	1.0	1.0	1.0	1.0	0.50433403253555	0.52484434843063	0.51300209760666
6.139949889	'/minibee/data'	7	1.0	1.0	1.0	1.0	1.0	0.50579905509949	0.49127089977264	0.53241360187531
6.159858001	'/videorec/frame'	89
6.2037437279998	'/minibee/data'	7	1.0	1.0	1.0	1.0	1.0	0.5047003030777	0.49578806757927	0.53143692016602
6.24599272	'/videorec/frame'	90
6.267676811	'/minibee/data'	7	1.0	1.0	1.0	1.0	1.0	0.50518864393234	0.50213646888733	0.5277743935585
6.3315586389999	'/minibee/data'	7	1.0	1.0	1.0	1.0	1.0	0.50457817316055	0.49957269430161	0.52814066410065
6.3426544619999	'/videorec/frame'	91
6.3954439459999	'/minibee/data'	7	1.0	1.0	1.0	1.0	1.0	0.5047003030777	0.49664264917374	0.52850687503815
6.4305057239999	'/videorec/frame'	92
6.4593664409999	'/minibee/data'	7	1.0	1.0	1.0	1.0	1.0	0.50396776199341	0.49700891971588	0.527652323246
6.5231704609998	'/minibee/data'	7	1.0	1.0	1.0	1.0	1.0	0.50286900997162	0.49578806757927	0.52862900495529
6.5264803989999	'/videorec/frame'	93
6.5870280199999	'/minibee/data'	7	1.0	1.0	1.0	1.0	1.0	0.50299108028412	0.49554389715195	0.527896463871
6.6034844789999	'/videorec/frame'	94
6.651022865	'/minibee/data'	7	1.0	1.0	1.0	1.0	1.0	0.50286900997162	0.49542179703712	0.5277743935585
6.6838787289998	'/videorec/frame'	95
6.7147356979999	'/minibee/data'	7	1.0	1.0	1.0	1.0	1.0	0.50323528051376	0.49493345618248	0.52814066410065
6.765732326	'/videorec/frame'	96
6.778689732	'/minibee/data'	7	1.0	1.0	1.0	1.0	1.0	0.50311315059662	0.49591013789177	0.52716398239136
6.83199487	'/videorec/frame'	97
6.8422353369999	'/minibee/data'	7	1.0	1.0	1.0	1.0	1.0	0.50274693965912	0.49542179703712	0.52850687503815
6.9049379989999	'/videorec/frame'	98
6.906267755	'/minibee/data'	7	1.0	1.0	1.0	1.0	1.0	0.50311315059662	0.49566596746445	0.527652323246
6.9698650119999	'/minibee/data'	7	1.0	1.0	1.0	1.0	1.0	0.50299108028412	0.49542179703712	0.527652323246
6.9710988439999	'/videorec/frame'	99
7.031248921	'/videorec/frame'	100
7.033785523	'/minibee/data'	7	1.0	1.0	1.0	1.0	1.0	0.50360149145126	0.49542179703712	0.527896463871
