0.00078326800007744	'/videorec/record/start'	'conceptors_171127_141814_7.avi'
0.028018934000102	'/minibee/data'	7	1.0	1.0	1.0	1.0	1.0	0.50543278455734	0.49127089977264	0.52923941612244
0.048073250000016	'/videorec/frame'	0
0.076063933000114	'/minibee/data'	7	1.0	1.0	1.0	1.0	1.0	0.50238066911697	0.48907336592674	0.53094857931137
0.10522760499998	'/videorec/frame'	1
0.1400841300001	'/minibee/data'	7	1.0	1.0	1.0	1.0	1.0	0.50250273942947	0.48467829823494	0.53192526102066
0.16599812999993	'/videorec/frame'	2
0.20355545999996	'/minibee/data'	7	1.0	1.0	1.0	1.0	1.0	0.50274693965912	0.48492246866226	0.53204739093781
0.22293765800009	'/videorec/frame'	3
0.26764040000012	'/minibee/data'	7	1.0	1.0	1.0	1.0	1.0	0.50103771686554	0.48712000250816	0.53155905008316
0.28861021500006	'/videorec/frame'	4
0.33132398099997	'/minibee/data'	7	1.0	1.0	1.0	1.0	1.0	0.50286900997162	0.49041631817818	0.52960568666458
0.34593486500012	'/videorec/frame'	5
0.39532294200012	'/minibee/data'	7	1.0	1.0	1.0	1.0	1.0	0.50543278455734	0.49163717031479	0.52545475959778
0.40649746500003	'/videorec/frame'	6
0.45899524099991	'/minibee/data'	7	1.0	1.0	1.0	1.0	1.0	0.50848489999771	0.49529972672462	0.52411180734634
0.46634569000003	'/videorec/frame'	7
0.52269314299997	'/videorec/frame'	8
0.52295064500004	'/minibee/data'	7	1.0	1.0	1.0	1.0	1.0	0.51031619310379	0.48992797732353	0.5232572555542
0.58548897600008	'/videorec/frame'	9
0.58682188600005	'/minibee/data'	7	1.0	1.0	1.0	1.0	1.0	0.51226955652237	0.49200341105461	0.52093762159348
0.64772454700005	'/videorec/frame'	10
0.65063091899992	'/minibee/data'	7	1.0	1.0	1.0	1.0	1.0	0.51410084962845	0.4928580224514	0.51983886957169
0.69999237000002	'/videorec/frame'	11
0.7143304440001	'/minibee/data'	7	1.0	1.0	1.0	1.0	1.0	0.51556587219238	0.49310219287872	0.5192283987999
0.76009137400001	'/videorec/frame'	12
0.77826707000008	'/minibee/data'	7	1.0	1.0	1.0	1.0	1.0	0.51629835367203	0.49407887458801	0.5188621878624
0.82695821199991	'/videorec/frame'	13
0.84211200300001	'/minibee/data'	7	1.0	1.0	1.0	1.0	1.0	0.51666462421417	0.49578806757927	0.51971673965454
0.88824929900011	'/videorec/frame'	14
0.9060690629999	'/minibee/data'	7	1.0	1.0	1.0	1.0	1.0	0.51544380187988	0.49615430831909	0.52191430330276
0.94505496500005	'/videorec/frame'	15
0.96986255699994	'/minibee/data'	7	1.0	1.0	1.0	1.0	1.0	0.51397877931595	0.49554389715195	0.52252471446991
1.0077110540001	'/videorec/frame'	16
1.0337407920001	'/minibee/data'	7	1.0	1.0	1.0	1.0	1.0	0.51251375675201	0.49468928575516	0.52252471446991
1.067767177	'/videorec/frame'	17
1.097778715	'/minibee/data'	7	1.0	1.0	1.0	1.0	1.0	0.51312416791916	0.49163717031479	0.52276891469955
1.124640368	'/videorec/frame'	18
1.1614126750001	'/minibee/data'	7	1.0	1.0	1.0	1.0	1.0	0.51275789737701	0.48956170678139	0.5232572555542
1.1852748640001	'/videorec/frame'	19
1.2255101160001	'/minibee/data'	7	1.0	1.0	1.0	1.0	1.0	0.51068246364594	0.48882919549942	0.52496641874313
1.2455464459999	'/videorec/frame'	20
1.273218073	'/minibee/data'	7	1.0	1.0	1.0	1.0	1.0	0.5093395113945	0.48785251379013	0.52618730068207
1.3032443039999	'/videorec/frame'	21
1.3372272900001	'/minibee/data'	7	1.0	1.0	1.0	1.0	1.0	0.50885117053986	0.48980587720871	0.52814066410065
1.3637203139999	'/videorec/frame'	22
1.4010316179999	'/minibee/data'	7	1.0	1.0	1.0	1.0	1.0	0.50836282968521	0.49053838849068	0.52997189760208
1.4262822359999	'/videorec/frame'	23
1.464993347	'/minibee/data'	7	1.0	1.0	1.0	1.0	1.0	0.50653153657913	0.48712000250816	0.53180319070816
1.487578045	'/videorec/frame'	24
1.528734086	'/minibee/data'	7	1.0	1.0	1.0	1.0	1.0	0.50531071424484	0.4884629547596	0.53107070922852
1.544948943	'/videorec/frame'	25
1.592418637	'/minibee/data'	7	1.0	1.0	1.0	1.0	1.0	0.50677573680878	0.49041631817818	0.52936148643494
1.6064242289999	'/videorec/frame'	26
1.656194678	'/minibee/data'	7	1.0	1.0	1.0	1.0	1.0	0.50677573680878	0.49151507019997	0.527652323246
1.6656332309999	'/videorec/frame'	27
1.7200144890001	'/minibee/data'	7	1.0	1.0	1.0	1.0	1.0	0.50750821828842	0.49432304501534	0.52704185247421
1.7202068900001	'/videorec/frame'	28
1.780921861	'/videorec/frame'	29
1.7839163410001	'/minibee/data'	7	1.0	1.0	1.0	1.0	1.0	0.50799655914307	0.49468928575516	0.52704185247421
1.844623106	'/videorec/frame'	30
1.847760034	'/minibee/data'	7	1.0	1.0	1.0	1.0	1.0	0.50860702991486	0.49529972672462	0.52667564153671
1.906048067	'/videorec/frame'	31
1.911802197	'/minibee/data'	7	1.0	1.0	1.0	1.0	1.0	0.50897324085236	0.49542179703712	0.52691978216171
