0.00091126300003452	'/videorec/record/start'	'conceptors_171127_141814_9.avi'
0.018541821999861	'/minibee/data'	7	1.0	1.0	1.0	1.0	1.0	0.50372362136841	0.49871811270714	0.52753019332886
0.038397767999868	'/videorec/frame'	0
0.08244019499989	'/minibee/data'	7	1.0	1.0	1.0	1.0	1.0	0.50018310546875	0.49847394227982	0.52923941612244
0.098983314999941	'/videorec/frame'	1
0.14645427400001	'/minibee/data'	7	1.0	1.0	1.0	1.0	1.0	0.49175924062729	0.48504456877708	0.53986084461212
0.15985496300004	'/videorec/frame'	2
0.21029543899999	'/minibee/data'	7	1.0	1.0	1.0	1.0	1.0	0.48602125048637	0.48406788706779	0.54266875982285
0.2180304179999	'/videorec/frame'	3
0.27428869599999	'/minibee/data'	7	1.0	1.0	1.0	1.0	1.0	0.48174825310707	0.509461581707	0.53070443868637
0.28086629199993	'/videorec/frame'	4
0.33780079600001	'/minibee/data'	7	1.0	1.0	1.0	1.0	1.0	0.50164812803268	0.53424489498138	0.50750821828842
0.33957359800002	'/videorec/frame'	5
0.40079849299991	'/videorec/frame'	6
0.40164655900003	'/minibee/data'	7	1.0	1.0	1.0	1.0	1.0	0.50811868906021	0.52936148643494	0.49212551116943
0.46000355199999	'/videorec/frame'	7
0.4656843759999	'/minibee/data'	7	1.0	1.0	1.0	1.0	1.0	0.52142596244812	0.51617628335953	0.48565497994423
0.52022595199992	'/videorec/frame'	8
0.52965342199991	'/minibee/data'	7	1.0	1.0	1.0	1.0	1.0	0.52679771184921	0.51263582706451	0.48675376176834
0.57332677399995	'/videorec/frame'	9
0.59331286899987	'/minibee/data'	7	1.0	1.0	1.0	1.0	1.0	0.52240264415741	0.51056039333344	0.49444511532784
0.64251448999994	'/videorec/frame'	10
0.65707809800006	'/minibee/data'	7	1.0	1.0	1.0	1.0	1.0	0.52264678478241	0.50750821828842	0.49236968159676
0.72089339900003	'/minibee/data'	7	1.0	1.0	1.0	1.0	1.0	0.51874005794525	0.50531071424484	0.49200341105461
0.72160836099988	'/videorec/frame'	11
0.78477006699995	'/minibee/data'	7	1.0	1.0	1.0	1.0	1.0	0.52276891469955	0.50616532564163	0.48675376176834
0.78656145499986	'/videorec/frame'	12
0.84856565699988	'/minibee/data'	7	1.0	1.0	1.0	1.0	1.0	0.52655351161957	0.51214748620987	0.48187035322189
0.85488370799999	'/videorec/frame'	13
0.91250586599995	'/minibee/data'	7	1.0	1.0	1.0	1.0	1.0	0.52252471446991	0.53558784723282	0.48187035322189
0.93852039199987	'/videorec/frame'	14
0.9765671749999	'/minibee/data'	7	1.0	1.0	1.0	1.0	1.0	0.50982785224915	0.53863996267319	0.48553290963173
1.0197971059999	'/videorec/frame'	15
1.0403243339999	'/minibee/data'	7	1.0	1.0	1.0	1.0	1.0	0.49822977185249	0.49029421806335	0.5420583486557
1.099688599	'/videorec/frame'	16
1.1042631610001	'/minibee/data'	7	1.0	1.0	1.0	1.0	1.0	0.49603223800659	0.50775241851807	0.53387862443924
1.1521134919999	'/minibee/data'	7	1.0	1.0	1.0	1.0	1.0	0.4973751604557	0.50701987743378	0.53326821327209
1.1804692609999	'/videorec/frame'	17
1.2157164529999	'/minibee/data'	7	1.0	1.0	1.0	1.0	1.0	0.49884018301964	0.49371260404587	0.53644245862961
1.258763822	'/videorec/frame'	18
1.279609794	'/minibee/data'	7	1.0	1.0	1.0	1.0	1.0	0.49908435344696	0.4972530901432	0.53082650899887
1.3382703729999	'/videorec/frame'	19
1.343481507	'/minibee/data'	7	1.0	1.0	1.0	1.0	1.0	0.49639847874641	0.49566596746445	0.53033816814423
1.4073678969999	'/minibee/data'	7	1.0	1.0	1.0	1.0	1.0	0.49652057886124	0.49652057886124	0.52948355674744
1.4195314209999	'/videorec/frame'	20
1.471280044	'/minibee/data'	7	1.0	1.0	1.0	1.0	1.0	0.49676474928856	0.48394578695297	0.54230254888535
1.5013520099999	'/videorec/frame'	21
1.535338274	'/minibee/data'	7	1.0	1.0	1.0	1.0	1.0	0.48956170678139	0.48834085464478	0.546331346035
1.5559344860001	'/videorec/frame'	22
1.5989346490001	'/minibee/data'	7	1.0	1.0	1.0	1.0	1.0	0.50628739595413	0.53277987241745	0.50189232826233
1.617017071	'/videorec/frame'	23
1.6627994819999	'/minibee/data'	7	1.0	1.0	1.0	1.0	1.0	0.50433403253555	0.53046023845673	0.48736417293549
1.6791662829999	'/videorec/frame'	24
1.7267461419999	'/minibee/data'	7	1.0	1.0	1.0	1.0	1.0	0.51874005794525	0.51581001281738	0.48272493481636
1.7390590289999	'/videorec/frame'	25
1.7904800019999	'/minibee/data'	7	1.0	1.0	1.0	1.0	1.0	0.52899521589279	0.51202541589737	0.48565497994423
1.7992030369999	'/videorec/frame'	26
1.854439706	'/minibee/data'	7	1.0	1.0	1.0	1.0	1.0	0.52447807788849	0.51861798763275	0.48443412780762
1.860050861	'/videorec/frame'	27
1.918183043	'/minibee/data'	7	1.0	1.0	1.0	1.0	1.0	0.52032721042633	0.51849591732025	0.4884629547596
1.9195067599999	'/videorec/frame'	28
1.982006064	'/minibee/data'	7	1.0	1.0	1.0	1.0	1.0	0.51983886957169	0.51544380187988	0.48956170678139
1.988271657	'/videorec/frame'	29
2.0459994579999	'/minibee/data'	7	1.0	1.0	1.0	1.0	1.0	0.52496641874313	0.51397877931595	0.48919546604156
2.05918836	'/videorec/frame'	30
2.109688305	'/minibee/data'	7	1.0	1.0	1.0	1.0	1.0	0.52691978216171	0.51410084962845	0.48907336592674
2.127341266	'/videorec/frame'	31
2.1736563429999	'/minibee/data'	7	1.0	1.0	1.0	1.0	1.0	0.52460014820099	0.51532167196274	0.48724210262299
2.2003111229999	'/videorec/frame'	32
2.2375960740001	'/minibee/data'	7	1.0	1.0	1.0	1.0	1.0	0.52276891469955	0.51104873418808	0.48724210262299
2.280268129	'/videorec/frame'	33
2.3013311679999	'/minibee/data'	7	1.0	1.0	1.0	1.0	1.0	0.51764130592346	0.51739716529846	0.49188134074211
2.349318669	'/minibee/data'	7	1.0	1.0	1.0	1.0	1.0	0.51458919048309	0.51642048358917	0.50347942113876
2.360437179	'/videorec/frame'	34
2.4130757979999	'/minibee/data'	7	1.0	1.0	1.0	1.0	1.0	0.50799655914307	0.49236968159676	0.52386766672134
2.4480462419999	'/videorec/frame'	35
2.4768941259999	'/minibee/data'	7	1.0	1.0	1.0	1.0	1.0	0.49908435344696	0.50238066911697	0.53473323583603
2.5380216589999	'/videorec/frame'	36
2.5408470099999	'/minibee/data'	7	1.0	1.0	1.0	1.0	1.0	0.49566596746445	0.49175924062729	0.54401171207428
2.604525643	'/minibee/data'	7	1.0	1.0	1.0	1.0	1.0	0.49432304501534	0.49627640843391	0.54108166694641
2.6216130129999	'/videorec/frame'	37
2.6683569059999	'/minibee/data'	7	1.0	1.0	1.0	1.0	1.0	0.4950555562973	0.49920645356178	0.53705286979675
2.719671351	'/videorec/frame'	38
2.7324927529999	'/minibee/data'	7	1.0	1.0	1.0	1.0	1.0	0.4972530901432	0.50030523538589	0.53070443868637
2.7961973029999	'/minibee/data'	7	1.0	1.0	1.0	1.0	1.0	0.49786350131035	0.49835184216499	0.52814066410065
2.807500008	'/videorec/frame'	39
2.859937363	'/minibee/data'	7	1.0	1.0	1.0	1.0	1.0	0.49786350131035	0.49993896484375	0.527652323246
2.899797085	'/videorec/frame'	40
2.9240215889999	'/minibee/data'	7	1.0	1.0	1.0	1.0	1.0	0.49896228313446	0.49908435344696	0.52716398239136
2.9877036329999	'/minibee/data'	7	1.0	1.0	1.0	1.0	1.0	0.49884018301964	0.49969479441643	0.52716398239136
2.993653863	'/videorec/frame'	41
3.051680625	'/minibee/data'	7	1.0	1.0	1.0	1.0	1.0	0.49957269430161	0.49871811270714	0.52740812301636
3.0800095919999	'/videorec/frame'	42
3.115583284	'/minibee/data'	7	1.0	1.0	1.0	1.0	1.0	0.49957269430161	0.49859601259232	0.52728605270386
3.16096167	'/videorec/frame'	43
3.179502444	'/minibee/data'	7	1.0	1.0	1.0	1.0	1.0	0.49957269430161	0.49859601259232	0.527896463871
3.237736992	'/videorec/frame'	44
3.2429951039999	'/minibee/data'	7	1.0	1.0	1.0	1.0	1.0	0.49969479441643	0.49859601259232	0.52838480472565
