0.00069604300006176	'/videorec/record/start'	'conceptors_171127_141814_2.avi'
0.010441062000154	'/minibee/data'	7	1.0	1.0	1.0	1.0	1.0	0.51825171709061	0.49700891971588	0.51397877931595
0.028787668000177	'/videorec/frame'	0
0.074337109999988	'/minibee/data'	7	1.0	1.0	1.0	1.0	1.0	0.50653153657913	0.51263582706451	0.52643144130707
0.085005120999995	'/videorec/frame'	1
0.13831257000015	'/minibee/data'	7	1.0	1.0	1.0	1.0	1.0	0.49945062398911	0.50457817316055	0.54474425315857
0.14621015200009	'/videorec/frame'	2
0.20211844599999	'/minibee/data'	7	1.0	1.0	1.0	1.0	1.0	0.49713099002838	0.48394578695297	0.53961664438248
0.21330923799997	'/videorec/frame'	3
0.26597716200013	'/minibee/data'	7	1.0	1.0	1.0	1.0	1.0	0.48882919549942	0.47601026296616	0.53961664438248
0.26848528699998	'/videorec/frame'	4
0.32975218199999	'/minibee/data'	7	1.0	1.0	1.0	1.0	1.0	0.4766206741333	0.47454524040222	0.54022705554962
0.33170964800001	'/videorec/frame'	5
0.39179896500013	'/videorec/frame'	6
0.39367437400006	'/minibee/data'	7	1.0	1.0	1.0	1.0	1.0	0.47845196723938	0.47259187698364	0.53302407264709
0.44168751799998	'/minibee/data'	7	1.0	1.0	1.0	1.0	1.0	0.4885850250721	0.48345744609833	0.52130389213562
0.45181953700012	'/videorec/frame'	7
0.50543477300016	'/minibee/data'	7	1.0	1.0	1.0	1.0	1.0	0.50079357624054	0.4928580224514	0.50543278455734
0.51007743300011	'/videorec/frame'	8
0.56553551800016	'/videorec/frame'	9
0.56911351000008	'/minibee/data'	7	1.0	1.0	1.0	1.0	1.0	0.51287996768951	0.49713099002838	0.49591013789177
0.63288058000012	'/minibee/data'	7	1.0	1.0	1.0	1.0	1.0	0.51935052871704	0.5050665140152	0.49566596746445
0.63349894900011	'/videorec/frame'	10
0.69716169100002	'/minibee/data'	7	1.0	1.0	1.0	1.0	1.0	0.50750821828842	0.52569895982742	0.51397877931595
0.709632328	'/videorec/frame'	11
0.76095211999996	'/minibee/data'	7	1.0	1.0	1.0	1.0	1.0	0.49957269430161	0.5277743935585	0.5421804189682
0.77817508199996	'/videorec/frame'	12
0.82448472600004	'/minibee/data'	7	1.0	1.0	1.0	1.0	1.0	0.50738614797592	0.51031619310379	0.54804050922394
0.84721014100001	'/videorec/frame'	13
0.8885131080001	'/minibee/data'	7	1.0	1.0	1.0	1.0	1.0	0.49468928575516	0.49456721544266	0.54730802774429
0.92131420999999	'/videorec/frame'	14
0.95244071800016	'/minibee/data'	7	1.0	1.0	1.0	1.0	1.0	0.4885850250721	0.49114882946014	0.5462092757225
0.98958543900017	'/videorec/frame'	15
1.0161776510001	'/minibee/data'	7	1.0	1.0	1.0	1.0	1.0	0.47259187698364	0.47112685441971	0.54608714580536
1.0561820160001	'/videorec/frame'	16
1.0799367250002	'/minibee/data'	7	1.0	1.0	1.0	1.0	1.0	0.47417896986008	0.47234770655632	0.53363448381424
1.1260036640001	'/videorec/frame'	17
1.1437132450001	'/minibee/data'	7	1.0	1.0	1.0	1.0	1.0	0.49334636330605	0.48248076438904	0.51544380187988
1.201044704	'/videorec/frame'	18
1.207768082	'/minibee/data'	7	1.0	1.0	1.0	1.0	1.0	0.50592112541199	0.49200341105461	0.50628739595413
1.271295709	'/minibee/data'	7	1.0	1.0	1.0	1.0	1.0	0.51239162683487	0.49542179703712	0.49969479441643
1.2718868510001	'/videorec/frame'	19
1.335313003	'/minibee/data'	7	1.0	1.0	1.0	1.0	1.0	0.51519960165024	0.50274693965912	0.50091564655304
1.3400012700001	'/videorec/frame'	20
1.399305831	'/minibee/data'	7	1.0	1.0	1.0	1.0	1.0	0.50811868906021	0.51605421304703	0.51434499025345
1.4103825330001	'/videorec/frame'	21
1.4630876600002	'/minibee/data'	7	1.0	1.0	1.0	1.0	1.0	0.50665366649628	0.52167010307312	0.53314614295959
1.46340506	'/minibee/data'	7	1.0	1.0	1.0	1.0	1.0	0.50665366649628	0.52167010307312	0.53314614295959
1.4789525250001	'/videorec/frame'	22
1.5271879250001	'/minibee/data'	7	1.0	1.0	1.0	1.0	1.0	0.5134904384613	0.50592112541199	0.5421804189682
1.5497454010001	'/videorec/frame'	23
1.5907132980001	'/minibee/data'	7	1.0	1.0	1.0	1.0	1.0	0.51080453395844	0.49969479441643	0.54083752632141
1.613385136	'/videorec/frame'	24
1.654802066	'/minibee/data'	7	1.0	1.0	1.0	1.0	1.0	0.50848489999771	0.49200341105461	0.53729701042175
1.691416915	'/videorec/frame'	25
1.7185532800002	'/minibee/data'	7	1.0	1.0	1.0	1.0	1.0	0.50799655914307	0.49554389715195	0.53094857931137
1.7581415550001	'/videorec/frame'	26
1.7664283460001	'/minibee/data'	7	1.0	1.0	1.0	1.0	1.0	0.50604319572449	0.49713099002838	0.52862900495529
1.8295620660001	'/videorec/frame'	27
1.830389082	'/minibee/data'	7	1.0	1.0	1.0	1.0	1.0	0.50714200735092	0.49700891971588	0.52679771184921
1.8936560050001	'/videorec/frame'	28
1.8940146710001	'/minibee/data'	7	1.0	1.0	1.0	1.0	1.0	0.50787448883057	0.49639847874641	0.52691978216171
1.9581536580001	'/minibee/data'	7	1.0	1.0	1.0	1.0	1.0	0.5090953707695	0.49554389715195	0.52753019332886
