0.0006591850001314	'/videorec/record/start'	'conceptors_171127_141729_2.avi'
0.022242230000074	'/minibee/data'	7	1.0	1.0	1.0	1.0	1.0	0.50347942113876	0.49420094490051	0.52667564153671
0.055127078000169	'/videorec/frame'	0
0.085829586000045	'/minibee/data'	7	1.0	1.0	1.0	1.0	1.0	0.50286900997162	0.49188134074211	0.52960568666458
0.11699255200006	'/videorec/frame'	1
0.14996197000005	'/minibee/data'	7	1.0	1.0	1.0	1.0	1.0	0.50238066911697	0.49627640843391	0.53143692016602
0.17830527400019	'/videorec/frame'	2
0.21366660100011	'/minibee/data'	7	1.0	1.0	1.0	1.0	1.0	0.50286900997162	0.50103771686554	0.53009402751923
0.23578694800017	'/videorec/frame'	3
0.27765871300016	'/minibee/data'	7	1.0	1.0	1.0	1.0	1.0	0.50457817316055	0.509217441082	0.52728605270386
0.30039904800014	'/videorec/frame'	4
0.34159175900004	'/minibee/data'	7	1.0	1.0	1.0	1.0	1.0	0.50726407766342	0.51458919048309	0.52203637361526
0.36315723200005	'/videorec/frame'	5
0.40520954900012	'/minibee/data'	7	1.0	1.0	1.0	1.0	1.0	0.51056039333344	0.5137345790863	0.51971673965454
0.41950508400009	'/videorec/frame'	6
0.46905682000011	'/minibee/data'	7	1.0	1.0	1.0	1.0	1.0	0.5137345790863	0.52301305532455	0.51275789737701
0.48002673700012	'/videorec/frame'	7
0.53289010900016	'/minibee/data'	7	1.0	1.0	1.0	1.0	1.0	0.51617628335953	0.52460014820099	0.50347942113876
0.54215691200011	'/videorec/frame'	8
0.59671520800021	'/minibee/data'	7	1.0	1.0	1.0	1.0	1.0	0.51690882444382	0.52386766672134	0.49664264917374
0.59984375500017	'/videorec/frame'	9
0.66058483000006	'/minibee/data'	7	1.0	1.0	1.0	1.0	1.0	0.51678669452667	0.52276891469955	0.48760834336281
0.66160703000014	'/videorec/frame'	10
0.72059687800015	'/videorec/frame'	11
0.72463865899999	'/minibee/data'	7	1.0	1.0	1.0	1.0	1.0	0.51727503538132	0.52264678478241	0.48370161652565
0.78038689200002	'/videorec/frame'	12
0.78842310800019	'/minibee/data'	7	1.0	1.0	1.0	1.0	1.0	0.51947259902954	0.51861798763275	0.47710901498795
0.84151880000013	'/videorec/frame'	13
0.8524538480001	'/minibee/data'	7	1.0	1.0	1.0	1.0	1.0	0.52179223299026	0.51422291994095	0.47478941082954
0.90283070200007	'/videorec/frame'	14
0.91600008200021	'/minibee/data'	7	1.0	1.0	1.0	1.0	1.0	0.51996093988419	0.51605421304703	0.47185936570168
0.95993047500019	'/videorec/frame'	15
0.96396114800018	'/minibee/data'	7	1.0	1.0	1.0	1.0	1.0	0.51861798763275	0.51800757646561	0.46868515014648
1.014963242	'/videorec/frame'	16
1.027580076	'/minibee/data'	7	1.0	1.0	1.0	1.0	1.0	0.51971673965454	0.52301305532455	0.46343547105789
1.0760764420002	'/videorec/frame'	17
1.0915971640002	'/minibee/data'	7	1.0	1.0	1.0	1.0	1.0	0.51935052871704	0.52740812301636	0.46429008245468
1.138874081	'/videorec/frame'	18
1.155437462	'/minibee/data'	7	1.0	1.0	1.0	1.0	1.0	0.5189842581749	0.52557682991028	0.47076058387756
1.2019128080001	'/videorec/frame'	19
1.2194979240001	'/minibee/data'	7	1.0	1.0	1.0	1.0	1.0	0.51800757646561	0.52411180734634	0.4786961376667
1.259720858	'/videorec/frame'	20
1.2832467410001	'/minibee/data'	7	1.0	1.0	1.0	1.0	1.0	0.5188621878624	0.5232572555542	0.48504456877708
1.3195216600002	'/videorec/frame'	21
1.347209087	'/minibee/data'	7	1.0	1.0	1.0	1.0	1.0	0.51605421304703	0.52032721042633	0.49945062398911
1.3831288450001	'/videorec/frame'	22
1.4109995020001	'/minibee/data'	7	1.0	1.0	1.0	1.0	1.0	0.51727503538132	0.51202541589737	0.50592112541199
1.4398611870001	'/videorec/frame'	23
1.4747767700001	'/minibee/data'	7	1.0	1.0	1.0	1.0	1.0	0.51593214273453	0.52240264415741	0.50299108028412
1.5021292210001	'/videorec/frame'	24
1.5388388900001	'/minibee/data'	7	1.0	1.0	1.0	1.0	1.0	0.51007205247879	0.51715296506882	0.51458919048309
1.5616056900001	'/videorec/frame'	25
1.602571978	'/minibee/data'	7	1.0	1.0	1.0	1.0	1.0	0.50604319572449	0.51837384700775	0.51715296506882
1.623532218	'/videorec/frame'	26
1.666525631	'/minibee/data'	7	1.0	1.0	1.0	1.0	1.0	0.50335735082626	0.51971673965454	0.52069342136383
1.6792832120002	'/videorec/frame'	27
1.7303035300001	'/minibee/data'	7	1.0	1.0	1.0	1.0	1.0	0.50286900997162	0.49041631817818	0.5137345790863
1.742160343	'/videorec/frame'	28
1.7940505080001	'/minibee/data'	7	1.0	1.0	1.0	1.0	1.0	0.49871811270714	0.46099376678467	0.51690882444382
1.8017295500001	'/videorec/frame'	29
1.8579819030001	'/minibee/data'	7	1.0	1.0	1.0	1.0	1.0	0.49493345618248	0.47417896986008	0.5235013961792
1.8619550180001	'/videorec/frame'	30
1.9206627890001	'/videorec/frame'	31
1.9218149220001	'/minibee/data'	7	1.0	1.0	1.0	1.0	1.0	0.49774143099785	0.47613233327866	0.5233793258667
1.9749924130001	'/videorec/frame'	32
1.9854239370002	'/minibee/data'	7	1.0	1.0	1.0	1.0	1.0	0.49871811270714	0.48150408267975	0.52423393726349
2.0351748620001	'/videorec/frame'	33
2.0492026670001	'/minibee/data'	7	1.0	1.0	1.0	1.0	1.0	0.49993896484375	0.48418995738029	0.52594310045242
2.097349052	'/minibee/data'	7	1.0	1.0	1.0	1.0	1.0	0.50250273942947	0.48797461390495	0.52630937099457
2.1009885780002	'/videorec/frame'	34
2.1564428610002	'/videorec/frame'	35
2.160978871	'/minibee/data'	7	1.0	1.0	1.0	1.0	1.0	0.50372362136841	0.48968380689621	0.52594310045242
2.2216278800001	'/videorec/frame'	36
2.225021297	'/minibee/data'	7	1.0	1.0	1.0	1.0	1.0	0.50384569168091	0.4885850250721	0.52679771184921
2.2820316000002	'/videorec/frame'	37
2.288808109	'/minibee/data'	7	1.0	1.0	1.0	1.0	1.0	0.50311315059662	0.48956170678139	0.52728605270386
2.3399560370001	'/videorec/frame'	38
2.3527487440001	'/minibee/data'	7	1.0	1.0	1.0	1.0	1.0	0.50347942113876	0.48956170678139	0.52679771184921
2.4026849110001	'/videorec/frame'	39
2.4166128490001	'/minibee/data'	7	1.0	1.0	1.0	1.0	1.0	0.50360149145126	0.48992797732353	0.52679771184921
2.459262433	'/videorec/frame'	40
2.4806113930001	'/minibee/data'	7	1.0	1.0	1.0	1.0	1.0	0.50384569168091	0.49029421806335	0.52655351161957
2.5197687960001	'/videorec/frame'	41
2.5443132160001	'/minibee/data'	7	1.0	1.0	1.0	1.0	1.0	0.50408983230591	0.49053838849068	0.52643144130707
2.579848974	'/videorec/frame'	42
2.60812237	'/minibee/data'	7	1.0	1.0	1.0	1.0	1.0	0.50433403253555	0.490782558918	0.52655351161957
2.6432154020001	'/videorec/frame'	43
2.6720135390001	'/minibee/data'	7	1.0	1.0	1.0	1.0	1.0	0.50421196222305	0.49090465903282	0.52643144130707
2.699481655	'/videorec/frame'	44
2.7358567160002	'/minibee/data'	7	1.0	1.0	1.0	1.0	1.0	0.50445610284805	0.49041631817818	0.52630937099457
2.761485451	'/videorec/frame'	45
2.7995089850001	'/minibee/data'	7	1.0	1.0	1.0	1.0	1.0	0.50433403253555	0.4906604886055	0.52630937099457
2.8186697360002	'/videorec/frame'	46
2.8636864550001	'/minibee/data'	7	1.0	1.0	1.0	1.0	1.0	0.50457817316055	0.49114882946014	0.52655351161957
2.881508508	'/videorec/frame'	47
2.927311294	'/minibee/data'	7	1.0	1.0	1.0	1.0	1.0	0.50421196222305	0.49102672934532	0.52655351161957
