0.00080382200007989	'/videorec/record/start'	'conceptors_171127_141814_5.avi'
0.038150378000182	'/minibee/data'	7	1.0	1.0	1.0	1.0	1.0	0.50311315059662	0.49591013789177	0.527896463871
0.043180807999988	'/videorec/frame'	0
0.10201075500004	'/minibee/data'	7	1.0	1.0	1.0	1.0	1.0	0.50335735082626	0.49566596746445	0.5277743935585
0.10461836600007	'/videorec/frame'	1
0.15870961900009	'/videorec/frame'	2
0.16560093199996	'/minibee/data'	7	1.0	1.0	1.0	1.0	1.0	0.50323528051376	0.49566596746445	0.527652323246
0.21952273800002	'/videorec/frame'	3
0.229523363	'/minibee/data'	7	1.0	1.0	1.0	1.0	1.0	0.50299108028412	0.49554389715195	0.52875107526779
0.28551657399998	'/videorec/frame'	4
0.29368618700005	'/minibee/data'	7	1.0	1.0	1.0	1.0	1.0	0.50201439857483	0.4973751604557	0.53033816814423
0.34129222499996	'/minibee/data'	7	1.0	1.0	1.0	1.0	1.0	0.50335735082626	0.49591013789177	0.52398973703384
0.34372048400019	'/videorec/frame'	5
0.40515695700014	'/minibee/data'	7	1.0	1.0	1.0	1.0	1.0	0.50238066911697	0.49603223800659	0.53009402751923
0.40578091900011	'/videorec/frame'	6
0.46376842400014	'/videorec/frame'	7
0.469108065	'/minibee/data'	7	1.0	1.0	1.0	1.0	1.0	0.50396776199341	0.49151507019997	0.52862900495529
0.52279632800014	'/videorec/frame'	8
0.53299927100011	'/minibee/data'	7	1.0	1.0	1.0	1.0	1.0	0.50396776199341	0.50103771686554	0.52814066410065
0.58637996800007	'/videorec/frame'	9
0.59677525899997	'/minibee/data'	7	1.0	1.0	1.0	1.0	1.0	0.50433403253555	0.49163717031479	0.53009402751923
0.64608325600011	'/videorec/frame'	10
0.66072883400011	'/minibee/data'	7	1.0	1.0	1.0	1.0	1.0	0.5047003030777	0.50323528051376	0.52630937099457
0.70651829999997	'/videorec/frame'	11
0.72456365000016	'/minibee/data'	7	1.0	1.0	1.0	1.0	1.0	0.50433403253555	0.48895129561424	0.52643144130707
0.76347846800013	'/videorec/frame'	12
0.78843961000007	'/minibee/data'	7	1.0	1.0	1.0	1.0	1.0	0.50372362136841	0.50115978717804	0.52936148643494
0.822948731	'/videorec/frame'	13
0.85211218200016	'/minibee/data'	7	1.0	1.0	1.0	1.0	1.0	0.5049444437027	0.49041631817818	0.52850687503815
0.88636674600002	'/videorec/frame'	14
0.91622578600004	'/minibee/data'	7	1.0	1.0	1.0	1.0	1.0	0.50408983230591	0.50067144632339	0.527896463871
0.94350589800001	'/videorec/frame'	15
0.97989130500014	'/minibee/data'	7	1.0	1.0	1.0	1.0	1.0	0.50408983230591	0.49200341105461	0.52984982728958
1.0073159620001	'/videorec/frame'	16
1.0440147420002	'/minibee/data'	7	1.0	1.0	1.0	1.0	1.0	0.50445610284805	0.50274693965912	0.52618730068207
1.063200176	'/videorec/frame'	17
1.1076231940001	'/minibee/data'	7	1.0	1.0	1.0	1.0	1.0	0.50408983230591	0.49090465903282	0.53009402751923
1.1249472240002	'/videorec/frame'	18
1.1713100690001	'/minibee/data'	7	1.0	1.0	1.0	1.0	1.0	0.50543278455734	0.5049444437027	0.52423393726349
1.178973391	'/videorec/frame'	19
1.2350901960001	'/minibee/data'	7	1.0	1.0	1.0	1.0	1.0	0.50384569168091	0.49554389715195	0.53070443868637
1.2409865250002	'/videorec/frame'	20
1.2991552840001	'/minibee/data'	7	1.0	1.0	1.0	1.0	1.0	0.50384569168091	0.49566596746445	0.52411180734634
1.3052796300001	'/videorec/frame'	21
1.3628085160001	'/minibee/data'	7	1.0	1.0	1.0	1.0	1.0	0.50433403253555	0.49566596746445	0.52923941612244
1.3641552210001	'/videorec/frame'	22
1.4251899200001	'/videorec/frame'	23
1.426563128	'/minibee/data'	7	1.0	1.0	1.0	1.0	1.0	0.5049444437027	0.49359053373337	0.527652323246
1.4748038950002	'/minibee/data'	7	1.0	1.0	1.0	1.0	1.0	0.50421196222305	0.49945062398911	0.52862900495529
1.4842680020001	'/videorec/frame'	24
1.5386041490001	'/minibee/data'	7	1.0	1.0	1.0	1.0	1.0	0.5049444437027	0.49578806757927	0.52972775697708
1.5452916930001	'/videorec/frame'	25
1.6023269500001	'/minibee/data'	7	1.0	1.0	1.0	1.0	1.0	0.50421196222305	0.49774143099785	0.52447807788849
1.6061251880001	'/videorec/frame'	26
1.662025721	'/videorec/frame'	27
1.6663658340001	'/minibee/data'	7	1.0	1.0	1.0	1.0	1.0	0.50445610284805	0.49566596746445	0.52911734580994
1.7254616710002	'/videorec/frame'	28
1.730160973	'/minibee/data'	7	1.0	1.0	1.0	1.0	1.0	0.5049444437027	0.4929800927639	0.52716398239136
1.7852453170001	'/videorec/frame'	29
1.794119959	'/minibee/data'	7	1.0	1.0	1.0	1.0	1.0	0.50433403253555	0.49993896484375	0.52753019332886
1.8449515910002	'/videorec/frame'	30
1.857894878	'/minibee/data'	7	1.0	1.0	1.0	1.0	1.0	0.5047003030777	0.49627640843391	0.53094857931137
1.9056867710001	'/videorec/frame'	31
1.9216480960001	'/minibee/data'	7	1.0	1.0	1.0	1.0	1.0	0.50384569168091	0.50030523538589	0.52484434843063
1.963719007	'/videorec/frame'	32
1.9857136190001	'/minibee/data'	7	1.0	1.0	1.0	1.0	1.0	0.5048223733902	0.4951776266098	0.52936148643494
2.027034512	'/videorec/frame'	33
2.049428415	'/minibee/data'	7	1.0	1.0	1.0	1.0	1.0	0.5050665140152	0.49639847874641	0.5233793258667
2.085313263	'/videorec/frame'	34
2.113432185	'/minibee/data'	7	1.0	1.0	1.0	1.0	1.0	0.50433403253555	0.49627640843391	0.52972775697708
2.1387213300002	'/videorec/frame'	35
2.1768624430001	'/minibee/data'	7	1.0	1.0	1.0	1.0	1.0	0.5047003030777	0.49346843361855	0.52753019332886
2.1993070830001	'/videorec/frame'	36
2.240944827	'/minibee/data'	7	1.0	1.0	1.0	1.0	1.0	0.50445610284805	0.49835184216499	0.52997189760208
2.264907645	'/videorec/frame'	37
2.3049397500001	'/minibee/data'	7	1.0	1.0	1.0	1.0	1.0	0.50653153657913	0.49639847874641	0.52850687503815
2.3270656050001	'/videorec/frame'	38
2.368675013	'/minibee/data'	7	1.0	1.0	1.0	1.0	1.0	0.50372362136841	0.50054937601089	0.527896463871
2.3850420410001	'/videorec/frame'	39
2.4323935920002	'/minibee/data'	7	1.0	1.0	1.0	1.0	1.0	0.5047003030777	0.49420094490051	0.52997189760208
2.4415016750002	'/videorec/frame'	40
2.4964307800001	'/minibee/data'	7	1.0	1.0	1.0	1.0	1.0	0.50616532564163	0.49566596746445	0.5235013961792
2.505511758	'/videorec/frame'	41
2.5603032880001	'/minibee/data'	7	1.0	1.0	1.0	1.0	1.0	0.50433403253555	0.49798560142517	0.53143692016602
2.567157902	'/videorec/frame'	42
2.608173888	'/minibee/data'	7	1.0	1.0	1.0	1.0	1.0	0.50433403253555	0.50018310546875	0.5235013961792
2.6235266820001	'/videorec/frame'	43
2.6719466700001	'/minibee/data'	7	1.0	1.0	1.0	1.0	1.0	0.5050665140152	0.49444511532784	0.53058236837387
2.686194356	'/videorec/frame'	44
2.7359132410002	'/minibee/data'	7	1.0	1.0	1.0	1.0	1.0	0.50604319572449	0.49554389715195	0.52496641874313
2.744534877	'/videorec/frame'	45
2.7996429690002	'/minibee/data'	7	1.0	1.0	1.0	1.0	1.0	0.50347942113876	0.49700891971588	0.53143692016602
2.8061488160001	'/videorec/frame'	46
2.863385913	'/minibee/data'	7	1.0	1.0	1.0	1.0	1.0	0.50640946626663	0.49188134074211	0.527652323246
2.8642348200001	'/videorec/frame'	47
2.927312626	'/minibee/data'	7	1.0	1.0	1.0	1.0	1.0	0.5050665140152	0.50299108028412	0.52545475959778
2.9275967990002	'/videorec/frame'	48
2.9836308400002	'/videorec/frame'	49
2.9911475420001	'/minibee/data'	7	1.0	1.0	1.0	1.0	1.0	0.50421196222305	0.49639847874641	0.53155905008316
3.0458940670001	'/videorec/frame'	50
3.0551371410002	'/minibee/data'	7	1.0	1.0	1.0	1.0	1.0	0.50433403253555	0.5050665140152	0.52264678478241
3.1049104650001	'/videorec/frame'	51
3.1189909320001	'/minibee/data'	7	1.0	1.0	1.0	1.0	1.0	0.50543278455734	0.49432304501534	0.52984982728958
3.1587589610001	'/videorec/frame'	52
3.182573303	'/minibee/data'	7	1.0	1.0	1.0	1.0	1.0	0.50628739595413	0.49481138586998	0.52691978216171
3.220191716	'/videorec/frame'	53
3.2467215180002	'/minibee/data'	7	1.0	1.0	1.0	1.0	1.0	0.50457817316055	0.4973751604557	0.52923941612244
3.28538819	'/videorec/frame'	54
3.3103504770002	'/minibee/data'	7	1.0	1.0	1.0	1.0	1.0	0.5048223733902	0.49749726057053	0.53180319070816
3.3438888360001	'/videorec/frame'	55
3.3742756510001	'/minibee/data'	7	1.0	1.0	1.0	1.0	1.0	0.50579905509949	0.4973751604557	0.52313512563705
3.4036442860001	'/videorec/frame'	56
3.438218281	'/minibee/data'	7	1.0	1.0	1.0	1.0	1.0	0.50396776199341	0.49774143099785	0.53070443868637
3.463673108	'/videorec/frame'	57
3.501873403	'/minibee/data'	7	1.0	1.0	1.0	1.0	1.0	0.50579905509949	0.49273592233658	0.52826273441315
3.5254090200001	'/videorec/frame'	58
3.5657790790001	'/minibee/data'	7	1.0	1.0	1.0	1.0	1.0	0.5048223733902	0.49945062398911	0.52838480472565
3.583797168	'/videorec/frame'	59
3.6295963790001	'/minibee/data'	7	1.0	1.0	1.0	1.0	1.0	0.5050665140152	0.49249175190926	0.53107070922852
3.6469283280001	'/videorec/frame'	60
3.693328885	'/minibee/data'	7	1.0	1.0	1.0	1.0	1.0	0.5050665140152	0.5050665140152	0.52313512563705
3.702728235	'/videorec/frame'	61
3.7413813630001	'/minibee/data'	7	1.0	1.0	1.0	1.0	1.0	0.5047003030777	0.49346843361855	0.53168112039566
3.7638533290001	'/videorec/frame'	62
3.8051003980001	'/minibee/data'	7	1.0	1.0	1.0	1.0	1.0	0.50677573680878	0.49566596746445	0.5235013961792
3.8250222690001	'/videorec/frame'	63
3.8691054640001	'/minibee/data'	7	1.0	1.0	1.0	1.0	1.0	0.5047003030777	0.49774143099785	0.53033816814423
3.886360509	'/videorec/frame'	64
3.93304184	'/minibee/data'	7	1.0	1.0	1.0	1.0	1.0	0.50640946626663	0.49261385202408	0.52936148643494
3.944250391	'/videorec/frame'	65
3.9968485320001	'/minibee/data'	7	1.0	1.0	1.0	1.0	1.0	0.50592112541199	0.5047003030777	0.52374559640884
4.0061132110002	'/videorec/frame'	66
4.0606171520001	'/minibee/data'	7	1.0	1.0	1.0	1.0	1.0	0.50531071424484	0.49359053373337	0.53046023845673
4.065176475	'/videorec/frame'	67
4.12443603	'/minibee/data'	7	1.0	1.0	1.0	1.0	1.0	0.50592112541199	0.49652057886124	0.52460014820099
4.128494516	'/videorec/frame'	68
4.178973715	'/videorec/frame'	69
4.1882752080001	'/minibee/data'	7	1.0	1.0	1.0	1.0	1.0	0.5049444437027	0.4973751604557	0.52972775697708
4.239813186	'/videorec/frame'	70
4.2520601000001	'/minibee/data'	7	1.0	1.0	1.0	1.0	1.0	0.50592112541199	0.49346843361855	0.53058236837387
4.3070105250001	'/videorec/frame'	71
4.3158136310001	'/minibee/data'	7	1.0	1.0	1.0	1.0	1.0	0.50616532564163	0.50531071424484	0.52313512563705
4.3658898590002	'/videorec/frame'	72
4.379789479	'/minibee/data'	7	1.0	1.0	1.0	1.0	1.0	0.50408983230591	0.49383470416069	0.53314614295959
4.4240917260001	'/videorec/frame'	73
4.443646701	'/minibee/data'	7	1.0	1.0	1.0	1.0	1.0	0.50616532564163	0.49981686472893	0.52240264415741
4.4853288240001	'/videorec/frame'	74
4.507401821	'/minibee/data'	7	1.0	1.0	1.0	1.0	1.0	0.50433403253555	0.49578806757927	0.53082650899887
4.5450977320002	'/videorec/frame'	75
4.5714305630001	'/minibee/data'	7	1.0	1.0	1.0	1.0	1.0	0.50567698478699	0.49432304501534	0.5280185341835
4.6065172220001	'/videorec/frame'	76
4.6353527900001	'/minibee/data'	7	1.0	1.0	1.0	1.0	1.0	0.50396776199341	0.50030523538589	0.53094857931137
4.6639496060002	'/videorec/frame'	77
4.6992575880001	'/minibee/data'	7	1.0	1.0	1.0	1.0	1.0	0.50665366649628	0.48919546604156	0.52862900495529
4.725583723	'/videorec/frame'	78
4.762998447	'/minibee/data'	7	1.0	1.0	1.0	1.0	1.0	0.5049444437027	0.50445610284805	0.52655351161957
4.78339966	'/videorec/frame'	79
4.8265296510001	'/minibee/data'	7	1.0	1.0	1.0	1.0	1.0	0.50579905509949	0.49151507019997	0.53241360187531
4.84318957	'/videorec/frame'	80
4.8748837950002	'/minibee/data'	7	1.0	1.0	1.0	1.0	1.0	0.50616532564163	0.5050665140152	0.52215844392776
4.903773727	'/videorec/frame'	81
4.938441706	'/minibee/data'	7	1.0	1.0	1.0	1.0	1.0	0.50604319572449	0.49420094490051	0.53485530614853
4.9658705460001	'/videorec/frame'	82
5.0023509970001	'/minibee/data'	7	1.0	1.0	1.0	1.0	1.0	0.50726407766342	0.50653153657913	0.52167010307312
5.0243723590002	'/videorec/frame'	83
5.0660863140001	'/minibee/data'	7	1.0	1.0	1.0	1.0	1.0	0.50518864393234	0.49432304501534	0.53155905008316
5.083856317	'/videorec/frame'	84
5.129772557	'/minibee/data'	7	1.0	1.0	1.0	1.0	1.0	0.50726407766342	0.50079357624054	0.52093762159348
5.1385985630002	'/videorec/frame'	85
5.1936598530001	'/minibee/data'	7	1.0	1.0	1.0	1.0	1.0	0.50323528051376	0.49334636330605	0.53668659925461
5.1992318260002	'/videorec/frame'	86
5.2576644000001	'/minibee/data'	7	1.0	1.0	1.0	1.0	1.0	0.50787448883057	0.50262480974197	0.51837384700775
5.26500362	'/videorec/frame'	87
5.321486387	'/minibee/data'	7	1.0	1.0	1.0	1.0	1.0	0.50579905509949	0.48821878433228	0.53607618808746
5.324468368	'/videorec/frame'	88
5.3853282580001	'/minibee/data'	7	1.0	1.0	1.0	1.0	1.0	0.50714200735092	0.49444511532784	0.52386766672134
5.3864677880001	'/videorec/frame'	89
5.4429799730001	'/videorec/frame'	90
5.44915371	'/minibee/data'	7	1.0	1.0	1.0	1.0	1.0	0.50653153657913	0.49627640843391	0.53461116552353
5.5053913240001	'/videorec/frame'	91
5.5131698530001	'/minibee/data'	7	1.0	1.0	1.0	1.0	1.0	0.50653153657913	0.48931753635406	0.52606517076492
5.5659637030001	'/videorec/frame'	92
5.5769217770001	'/minibee/data'	7	1.0	1.0	1.0	1.0	1.0	0.50701987743378	0.50262480974197	0.52814066410065
5.624785402	'/videorec/frame'	93
5.6407720900002	'/minibee/data'	7	1.0	1.0	1.0	1.0	1.0	0.50677573680878	0.48956170678139	0.53204739093781
5.6821787880001	'/videorec/frame'	94
5.7047292070001	'/minibee/data'	7	1.0	1.0	1.0	1.0	1.0	0.50616532564163	0.50726407766342	0.52753019332886
5.745600874	'/videorec/frame'	95
5.768582594	'/minibee/data'	7	1.0	1.0	1.0	1.0	1.0	0.50689780712128	0.49102672934532	0.53241360187531
5.8043138090002	'/videorec/frame'	96
5.832534551	'/minibee/data'	7	1.0	1.0	1.0	1.0	1.0	0.50665366649628	0.51117080450058	0.52093762159348
5.864717402	'/videorec/frame'	97
5.8964693290002	'/minibee/data'	7	1.0	1.0	1.0	1.0	1.0	0.50457817316055	0.49359053373337	0.53632032871246
5.9243477370001	'/videorec/frame'	98
5.9602378480001	'/minibee/data'	7	1.0	1.0	1.0	1.0	1.0	0.50811868906021	0.51043826341629	0.51605421304703
5.985516039	'/videorec/frame'	99
6.023959912	'/minibee/data'	7	1.0	1.0	1.0	1.0	1.0	0.50384569168091	0.490782558918	0.53485530614853
6.0436298100001	'/videorec/frame'	100
6.0879303950001	'/minibee/data'	7	1.0	1.0	1.0	1.0	1.0	0.50860702991486	0.50665366649628	0.51788550615311
6.106263337	'/videorec/frame'	101
6.1515750880001	'/minibee/data'	7	1.0	1.0	1.0	1.0	1.0	0.50372362136841	0.48834085464478	0.53729701042175
6.15898694	'/videorec/frame'	102
6.1994320880001	'/minibee/data'	7	1.0	1.0	1.0	1.0	1.0	0.50701987743378	0.50372362136841	0.52044928073883
6.219916584	'/videorec/frame'	103
6.263608489	'/minibee/data'	7	1.0	1.0	1.0	1.0	1.0	0.50567698478699	0.4950555562973	0.53400075435638
6.285511201	'/videorec/frame'	104
6.3273853570001	'/minibee/data'	7	1.0	1.0	1.0	1.0	1.0	0.50848489999771	0.48345744609833	0.52630937099457
6.3444403610001	'/videorec/frame'	105
6.391170242	'/minibee/data'	7	1.0	1.0	1.0	1.0	1.0	0.50323528051376	0.50006103515625	0.53522157669067
6.407161567	'/videorec/frame'	106
6.454794213	'/minibee/data'	7	1.0	1.0	1.0	1.0	1.0	0.50665366649628	0.48614332079887	0.52972775697708
6.4617653970001	'/videorec/frame'	107
6.518818003	'/minibee/data'	7	1.0	1.0	1.0	1.0	1.0	0.50653153657913	0.50994992256165	0.52313512563705
6.5247184270002	'/videorec/frame'	108
6.5827571470002	'/minibee/data'	7	1.0	1.0	1.0	1.0	1.0	0.50445610284805	0.49139299988747	0.53424489498138
6.5861432200002	'/videorec/frame'	109
6.6442818570001	'/videorec/frame'	110
6.646433185	'/minibee/data'	7	1.0	1.0	1.0	1.0	1.0	0.50824075937271	0.51556587219238	0.51519960165024
6.705384073	'/videorec/frame'	111
6.710351744	'/minibee/data'	7	1.0	1.0	1.0	1.0	1.0	0.5049444437027	0.48760834336281	0.53839582204819
6.7665720530001	'/videorec/frame'	112
6.774132324	'/minibee/data'	7	1.0	1.0	1.0	1.0	1.0	0.50811868906021	0.51764130592346	0.51312416791916
6.8254471970001	'/videorec/frame'	113
6.837921519	'/minibee/data'	7	1.0	1.0	1.0	1.0	1.0	0.50384569168091	0.48248076438904	0.53815162181854
6.886693551	'/videorec/frame'	114
6.9019772430001	'/minibee/data'	7	1.0	1.0	1.0	1.0	1.0	0.50885117053986	0.50726407766342	0.51312416791916
6.9451300870001	'/videorec/frame'	115
6.9657744200001	'/minibee/data'	7	1.0	1.0	1.0	1.0	1.0	0.50396776199341	0.48675376176834	0.53851789236069
7.0056270510001	'/videorec/frame'	116
7.0297814400001	'/minibee/data'	7	1.0	1.0	1.0	1.0	1.0	0.50848489999771	0.49322426319122	0.5235013961792
7.0656675290002	'/videorec/frame'	117
7.0935616190002	'/minibee/data'	7	1.0	1.0	1.0	1.0	1.0	0.50616532564163	0.49713099002838	0.53131484985352
7.123566621	'/videorec/frame'	118
7.157197748	'/minibee/data'	7	1.0	1.0	1.0	1.0	1.0	0.50677573680878	0.48418995738029	0.53155905008316
7.1791259940001	'/videorec/frame'	119
7.2210820120001	'/minibee/data'	7	1.0	1.0	1.0	1.0	1.0	0.50531071424484	0.50140398740768	0.52862900495529
7.239846169	'/videorec/frame'	120
7.2852302220001	'/minibee/data'	7	1.0	1.0	1.0	1.0	1.0	0.50579905509949	0.48809668421745	0.53632032871246
7.3050004190002	'/videorec/frame'	121
7.3489568350001	'/minibee/data'	7	1.0	1.0	1.0	1.0	1.0	0.50738614797592	0.52167010307312	0.51275789737701
7.363626971	'/videorec/frame'	122
7.3968790190002	'/minibee/data'	7	1.0	1.0	1.0	1.0	1.0	0.50396776199341	0.48931753635406	0.53168112039566
7.4259457390001	'/videorec/frame'	123
7.4608553790001	'/minibee/data'	7	1.0	1.0	1.0	1.0	1.0	0.50701987743378	0.4929800927639	0.52862900495529
7.4830974810002	'/videorec/frame'	124
7.524442163	'/minibee/data'	7	1.0	1.0	1.0	1.0	1.0	0.50628739595413	0.50238066911697	0.52655351161957
7.5430057800002	'/videorec/frame'	125
7.5883851570002	'/minibee/data'	7	1.0	1.0	1.0	1.0	1.0	0.50714200735092	0.49420094490051	0.5277743935585
