-0.0083272729998498	'/minibee/data'	7	1.0	1.0	1.0	1.0	1.0	0.50445610284805	0.49908435344696	0.52850687503815
0.001467163000143	'/videorec/record/start'	'conceptors_171127_141729_0.avi'
0.052297234000207	'/minibee/data'	7	1.0	1.0	1.0	1.0	1.0	0.50445610284805	0.49896228313446	0.52814066410065
0.065267129000176	'/videorec/frame'	0
0.11623290300008	'/minibee/data'	7	1.0	1.0	1.0	1.0	1.0	0.50445610284805	0.49920645356178	0.52850687503815
0.12222730500002	'/videorec/frame'	1
0.18021426900009	'/minibee/data'	7	1.0	1.0	1.0	1.0	1.0	0.5050665140152	0.49993896484375	0.52838480472565
0.18615397200006	'/videorec/frame'	2
0.24143519000017	'/videorec/frame'	3
0.24379625400002	'/minibee/data'	7	1.0	1.0	1.0	1.0	1.0	0.5047003030777	0.50006103515625	0.52850687503815
0.3042549610002	'/videorec/frame'	4
0.30782331	'/minibee/data'	7	1.0	1.0	1.0	1.0	1.0	0.50408983230591	0.49957269430161	0.52911734580994
0.36520208300021	'/videorec/frame'	5
0.37157612100009	'/minibee/data'	7	1.0	1.0	1.0	1.0	1.0	0.50421196222305	0.49835184216499	0.52814066410065
0.42729262000012	'/videorec/frame'	6
0.43558826900016	'/minibee/data'	7	1.0	1.0	1.0	1.0	1.0	0.50445610284805	0.49761933088303	0.527652323246
0.48418125400008	'/videorec/frame'	7
0.49934304000021	'/minibee/data'	7	1.0	1.0	1.0	1.0	1.0	0.50445610284805	0.49786350131035	0.52753019332886
0.54637674500009	'/videorec/frame'	8
0.5632719780001	'/minibee/data'	7	1.0	1.0	1.0	1.0	1.0	0.50457817316055	0.49896228313446	0.52814066410065
0.60343943900011	'/videorec/frame'	9
0.62695276400018	'/minibee/data'	7	1.0	1.0	1.0	1.0	1.0	0.50433403253555	0.50152605772018	0.52936148643494
0.66332394700021	'/videorec/frame'	10
0.69093891800003	'/minibee/data'	7	1.0	1.0	1.0	1.0	1.0	0.50445610284805	0.50714200735092	0.52923941612244
0.72523420400012	'/videorec/frame'	11
0.754613672	'/minibee/data'	7	1.0	1.0	1.0	1.0	1.0	0.5050665140152	0.50238066911697	0.52960568666458
0.78553096500013	'/videorec/frame'	12
0.81833683100012	'/minibee/data'	7	1.0	1.0	1.0	1.0	1.0	0.50579905509949	0.49676474928856	0.52911734580994
0.84565812900018	'/videorec/frame'	13
0.88240481700018	'/minibee/data'	7	1.0	1.0	1.0	1.0	1.0	0.50616532564163	0.4972530901432	0.52618730068207
0.90525479600001	'/videorec/frame'	14
0.94613616800007	'/minibee/data'	7	1.0	1.0	1.0	1.0	1.0	0.50543278455734	0.49456721544266	0.52704185247421
0.96363690700014	'/videorec/frame'	15
1.0100131640002	'/minibee/data'	7	1.0	1.0	1.0	1.0	1.0	0.50335735082626	0.49542179703712	0.52704185247421
1.026457615	'/videorec/frame'	16
1.0737175440001	'/minibee/data'	7	1.0	1.0	1.0	1.0	1.0	0.50079357624054	0.4929800927639	0.52826273441315
1.083933484	'/videorec/frame'	17
1.121916886	'/minibee/data'	7	1.0	1.0	1.0	1.0	1.0	0.50018310546875	0.49188134074211	0.52753019332886
1.1448379200001	'/videorec/frame'	18
1.1856291300001	'/minibee/data'	7	1.0	1.0	1.0	1.0	1.0	0.50018310546875	0.48919546604156	0.52667564153671
1.2041910190001	'/videorec/frame'	19
1.2494957800002	'/minibee/data'	7	1.0	1.0	1.0	1.0	1.0	0.49981686472893	0.48785251379013	0.52569895982742
1.2675125120002	'/videorec/frame'	20
1.313472368	'/minibee/data'	7	1.0	1.0	1.0	1.0	1.0	0.49993896484375	0.49017214775085	0.52582103013992
1.3264472870001	'/videorec/frame'	21
1.3772019320002	'/minibee/data'	7	1.0	1.0	1.0	1.0	1.0	0.49945062398911	0.49139299988747	0.52704185247421
1.3851951200002	'/videorec/frame'	22
1.4409604510001	'/minibee/data'	7	1.0	1.0	1.0	1.0	1.0	0.49993896484375	0.4951776266098	0.52753019332886
1.446453901	'/videorec/frame'	23
1.5049299300001	'/minibee/data'	7	1.0	1.0	1.0	1.0	1.0	0.49957269430161	0.49615430831909	0.52887314558029
1.5064145650001	'/videorec/frame'	24
1.5636870990002	'/videorec/frame'	25
1.5690263040001	'/minibee/data'	7	1.0	1.0	1.0	1.0	1.0	0.50030523538589	0.49615430831909	0.52911734580994
1.622090565	'/videorec/frame'	26
1.63236794	'/minibee/data'	7	1.0	1.0	1.0	1.0	1.0	0.50115978717804	0.49774143099785	0.52850687503815
1.6852027470002	'/videorec/frame'	27
1.696488989	'/minibee/data'	7	1.0	1.0	1.0	1.0	1.0	0.50115978717804	0.49749726057053	0.52936148643494
1.7444022440002	'/videorec/frame'	28
1.76028352	'/minibee/data'	7	1.0	1.0	1.0	1.0	1.0	0.50201439857483	0.49835184216499	0.52740812301636
1.804336248	'/videorec/frame'	29
1.8240190040001	'/minibee/data'	7	1.0	1.0	1.0	1.0	1.0	0.50115978717804	0.49664264917374	0.52862900495529
1.8588240510001	'/videorec/frame'	30
1.8878307010002	'/minibee/data'	7	1.0	1.0	1.0	1.0	1.0	0.50213646888733	0.49993896484375	0.52753019332886
1.919879903	'/videorec/frame'	31
1.952002065	'/minibee/data'	7	1.0	1.0	1.0	1.0	1.0	0.50201439857483	0.49859601259232	0.5280185341835
1.985299444	'/videorec/frame'	32
2.0156705300001	'/minibee/data'	7	1.0	1.0	1.0	1.0	1.0	0.50225859880447	0.49981686472893	0.5280185341835
2.043525088	'/videorec/frame'	33
2.0796663410001	'/minibee/data'	7	1.0	1.0	1.0	1.0	1.0	0.50128191709518	0.49884018301964	0.52936148643494
2.1047598520001	'/videorec/frame'	34
2.143409002	'/minibee/data'	7	1.0	1.0	1.0	1.0	1.0	0.50177025794983	0.50384569168091	0.53058236837387
2.1652549170001	'/videorec/frame'	35
2.2072478780001	'/minibee/data'	7	1.0	1.0	1.0	1.0	1.0	0.50201439857483	0.50433403253555	0.53082650899887
2.2252678490001	'/videorec/frame'	36
2.2553097280002	'/minibee/data'	7	1.0	1.0	1.0	1.0	1.0	0.50274693965912	0.50225859880447	0.52984982728958
2.284537963	'/videorec/frame'	37
2.3189912130001	'/minibee/data'	7	1.0	1.0	1.0	1.0	1.0	0.50250273942947	0.49920645356178	0.53009402751923
2.3449146170001	'/videorec/frame'	38
2.3828934720002	'/minibee/data'	7	1.0	1.0	1.0	1.0	1.0	0.50408983230591	0.49688681960106	0.5277743935585
2.405215771	'/videorec/frame'	39
2.446674883	'/minibee/data'	7	1.0	1.0	1.0	1.0	1.0	0.50433403253555	0.49383470416069	0.52679771184921
2.46169618	'/videorec/frame'	40
2.5104541740002	'/minibee/data'	7	1.0	1.0	1.0	1.0	1.0	0.5049444437027	0.49566596746445	0.52557682991028
2.5241802950002	'/videorec/frame'	41
2.574285466	'/minibee/data'	7	1.0	1.0	1.0	1.0	1.0	0.50421196222305	0.49346843361855	0.52630937099457
2.5859437700001	'/videorec/frame'	42
2.638299919	'/minibee/data'	7	1.0	1.0	1.0	1.0	1.0	0.5048223733902	0.49236968159676	0.52508848905563
2.6476322600001	'/videorec/frame'	43
2.7022890420001	'/minibee/data'	7	1.0	1.0	1.0	1.0	1.0	0.50457817316055	0.49188134074211	0.52630937099457
2.7100742580001	'/videorec/frame'	44
2.7660344190001	'/minibee/data'	7	1.0	1.0	1.0	1.0	1.0	0.50286900997162	0.49102672934532	0.52630937099457
2.7693936070002	'/videorec/frame'	45
2.8270849740002	'/videorec/frame'	46
2.8297275500001	'/minibee/data'	7	1.0	1.0	1.0	1.0	1.0	0.50225859880447	0.4906604886055	0.52740812301636
2.8831732450001	'/videorec/frame'	47
2.8934315640001	'/minibee/data'	7	1.0	1.0	1.0	1.0	1.0	0.50103771686554	0.49200341105461	0.5280185341835
2.948558348	'/videorec/frame'	48
2.957535431	'/minibee/data'	7	1.0	1.0	1.0	1.0	1.0	0.50128191709518	0.49236968159676	0.527896463871
3.0097981230001	'/videorec/frame'	49
3.0211507250001	'/minibee/data'	7	1.0	1.0	1.0	1.0	1.0	0.50213646888733	0.49334636330605	0.527896463871
3.067871059	'/videorec/frame'	50
3.0852480350002	'/minibee/data'	7	1.0	1.0	1.0	1.0	1.0	0.50274693965912	0.49322426319122	0.527896463871
3.128322258	'/videorec/frame'	51
3.1490966370002	'/minibee/data'	7	1.0	1.0	1.0	1.0	1.0	0.50323528051376	0.49395677447319	0.5277743935585
3.1893589790002	'/videorec/frame'	52
3.2128154230002	'/minibee/data'	7	1.0	1.0	1.0	1.0	1.0	0.50299108028412	0.49407887458801	0.5277743935585
3.244969094	'/videorec/frame'	53
3.276768851	'/minibee/data'	7	1.0	1.0	1.0	1.0	1.0	0.50323528051376	0.49468928575516	0.527652323246
3.3058344660001	'/videorec/frame'	54
3.3405960740001	'/minibee/data'	7	1.0	1.0	1.0	1.0	1.0	0.50311315059662	0.49456721544266	0.527652323246
3.369981413	'/videorec/frame'	55
3.388495977	'/minibee/data'	7	1.0	1.0	1.0	1.0	1.0	0.50323528051376	0.49468928575516	0.5277743935585
3.4293465750002	'/videorec/frame'	56
3.4523448020002	'/minibee/data'	7	1.0	1.0	1.0	1.0	1.0	0.50323528051376	0.49444511532784	0.5280185341835
3.4892912490002	'/videorec/frame'	57
3.5163096670001	'/minibee/data'	7	1.0	1.0	1.0	1.0	1.0	0.50311315059662	0.49468928575516	0.527896463871
3.5507588830001	'/videorec/frame'	58
3.5801423180001	'/minibee/data'	7	1.0	1.0	1.0	1.0	1.0	0.50311315059662	0.49432304501534	0.527896463871
3.6085577820002	'/videorec/frame'	59
3.6438643680001	'/minibee/data'	7	1.0	1.0	1.0	1.0	1.0	0.50323528051376	0.49456721544266	0.5277743935585
3.671013808	'/videorec/frame'	60
3.707627255	'/minibee/data'	7	1.0	1.0	1.0	1.0	1.0	0.50335735082626	0.49456721544266	0.527652323246
3.7289633700002	'/videorec/frame'	61
