0.00062023999998928	'/videorec/record/start'	'conceptors_171127_141814_8.avi'
0.030245181000055	'/minibee/data'	7	1.0	1.0	1.0	1.0	1.0	0.50860702991486	0.49993896484375	0.53070443868637
0.049694471000066	'/videorec/frame'	0
0.094294750000017	'/minibee/data'	7	1.0	1.0	1.0	1.0	1.0	0.50653153657913	0.49493345618248	0.53925037384033
0.11083606300008	'/videorec/frame'	1
0.15805471400017	'/minibee/data'	7	1.0	1.0	1.0	1.0	1.0	0.50054937601089	0.48809668421745	0.54779636859894
0.16943175999995	'/videorec/frame'	2
0.2220473110001	'/minibee/data'	7	1.0	1.0	1.0	1.0	1.0	0.50054937601089	0.49249175190926	0.54388964176178
0.22670127100014	'/videorec/frame'	3
0.28585799999996	'/minibee/data'	7	1.0	1.0	1.0	1.0	1.0	0.50592112541199	0.49871811270714	0.52374559640884
0.29045246600003	'/videorec/frame'	4
0.33383485600007	'/minibee/data'	7	1.0	1.0	1.0	1.0	1.0	0.51397877931595	0.5050665140152	0.50347942113876
0.34911324200016	'/videorec/frame'	5
0.39759709999998	'/minibee/data'	7	1.0	1.0	1.0	1.0	1.0	0.52020508050919	0.50091564655304	0.49236968159676
0.41161135800007	'/videorec/frame'	6
0.46140689900017	'/minibee/data'	7	1.0	1.0	1.0	1.0	1.0	0.52215844392776	0.50152605772018	0.48919546604156
0.46981280099999	'/videorec/frame'	7
0.5253774790001	'/minibee/data'	7	1.0	1.0	1.0	1.0	1.0	0.52228057384491	0.50103771686554	0.49871811270714
0.53845134700009	'/videorec/frame'	8
0.58919400200011	'/minibee/data'	7	1.0	1.0	1.0	1.0	1.0	0.51178121566772	0.50421196222305	0.51410084962845
0.61017261699999	'/videorec/frame'	9
0.65289528200015	'/minibee/data'	7	1.0	1.0	1.0	1.0	1.0	0.49224758148193	0.50848489999771	0.53961664438248
0.67679228300017	'/videorec/frame'	10
0.71677755500014	'/minibee/data'	7	1.0	1.0	1.0	1.0	1.0	0.48223659396172	0.49884018301964	0.55988281965256
0.75156046899997	'/videorec/frame'	11
0.78072890299995	'/minibee/data'	7	1.0	1.0	1.0	1.0	1.0	0.48931753635406	0.48577708005905	0.5604932308197
0.81664748599997	'/videorec/frame'	12
0.84457968900006	'/minibee/data'	7	1.0	1.0	1.0	1.0	1.0	0.490782558918	0.48907336592674	0.54791843891144
0.88414853200015	'/videorec/frame'	13
0.90840685900002	'/minibee/data'	7	1.0	1.0	1.0	1.0	1.0	0.49407887458801	0.49908435344696	0.54010498523712
0.95211894099998	'/videorec/frame'	14
0.97220792500002	'/minibee/data'	7	1.0	1.0	1.0	1.0	1.0	0.50177025794983	0.50299108028412	0.52618730068207
1.0243633300001	'/videorec/frame'	15
1.0360475480002	'/minibee/data'	7	1.0	1.0	1.0	1.0	1.0	0.50811868906021	0.50250273942947	0.51287996768951
1.0925162830001	'/videorec/frame'	16
1.0997856280001	'/minibee/data'	7	1.0	1.0	1.0	1.0	1.0	0.51544380187988	0.50274693965912	0.50054937601089
1.099943104	'/minibee/data'	7	1.0	1.0	1.0	1.0	1.0	0.51544380187988	0.50274693965912	0.50054937601089
1.163674076	'/minibee/data'	7	1.0	1.0	1.0	1.0	1.0	0.52020508050919	0.49993896484375	0.49420094490051
1.16477523	'/videorec/frame'	17
1.227456091	'/minibee/data'	7	1.0	1.0	1.0	1.0	1.0	0.52142596244812	0.4972530901432	0.49212551116943
1.2327516540001	'/videorec/frame'	18
1.2913716400001	'/minibee/data'	7	1.0	1.0	1.0	1.0	1.0	0.51837384700775	0.50091564655304	0.49993896484375
1.3062372230002	'/videorec/frame'	19
1.3554378020001	'/minibee/data'	7	1.0	1.0	1.0	1.0	1.0	0.50323528051376	0.50372362136841	0.52289098501205
1.3773671930001	'/videorec/frame'	20
1.41908313	'/minibee/data'	7	1.0	1.0	1.0	1.0	1.0	0.49334636330605	0.51117080450058	0.53485530614853
1.449107937	'/videorec/frame'	21
1.4829941090002	'/minibee/data'	7	1.0	1.0	1.0	1.0	1.0	0.48431205749512	0.5048223733902	0.55683064460754
1.5171916020001	'/videorec/frame'	22
1.5467649480001	'/minibee/data'	7	1.0	1.0	1.0	1.0	1.0	0.48248076438904	0.4884629547596	0.56574290990829
1.590450398	'/videorec/frame'	23
1.594692186	'/minibee/data'	7	1.0	1.0	1.0	1.0	1.0	0.48614332079887	0.49188134074211	0.55133682489395
1.6571596440001	'/videorec/frame'	24
1.6584034730001	'/minibee/data'	7	1.0	1.0	1.0	1.0	1.0	0.49346843361855	0.50189232826233	0.53729701042175
1.722457328	'/minibee/data'	7	1.0	1.0	1.0	1.0	1.0	0.49932852387428	0.50555485486984	0.52545475959778
1.7302696060001	'/videorec/frame'	25
1.7861742110001	'/minibee/data'	7	1.0	1.0	1.0	1.0	1.0	0.50775241851807	0.50579905509949	0.51275789737701
1.796946206	'/videorec/frame'	26
1.849986793	'/minibee/data'	7	1.0	1.0	1.0	1.0	1.0	0.51629835367203	0.50262480974197	0.50079357624054
1.871453037	'/videorec/frame'	27
1.9140927370001	'/minibee/data'	7	1.0	1.0	1.0	1.0	1.0	0.52020508050919	0.49871811270714	0.49456721544266
1.9408844460002	'/videorec/frame'	28
1.977735662	'/minibee/data'	7	1.0	1.0	1.0	1.0	1.0	0.52203637361526	0.49676474928856	0.49334636330605
1.9936948730001	'/minibee/data'	7	1.0	1.0	1.0	1.0	1.0	0.52203637361526	0.49676474928856	0.49334636330605
2.0043949350002	'/videorec/frame'	29
2.041463045	'/minibee/data'	7	1.0	1.0	1.0	1.0	1.0	0.51825171709061	0.49835184216499	0.50091564655304
2.073769455	'/videorec/frame'	30
2.1053806990001	'/minibee/data'	7	1.0	1.0	1.0	1.0	1.0	0.50628739595413	0.50518864393234	0.51764130592346
2.149761164	'/videorec/frame'	31
2.1691866670001	'/minibee/data'	7	1.0	1.0	1.0	1.0	1.0	0.49261385202408	0.50335735082626	0.53485530614853
2.216184207	'/videorec/frame'	32
2.233337532	'/minibee/data'	7	1.0	1.0	1.0	1.0	1.0	0.48382371664047	0.50030523538589	0.55414479970932
2.2907803970002	'/videorec/frame'	33
2.2971010880001	'/minibee/data'	7	1.0	1.0	1.0	1.0	1.0	0.47967281937599	0.48406788706779	0.56305700540543
2.357260965	'/videorec/frame'	34
2.3610668430001	'/minibee/data'	7	1.0	1.0	1.0	1.0	1.0	0.48589915037155	0.49102672934532	0.54999387264252
2.424493129	'/minibee/data'	7	1.0	1.0	1.0	1.0	1.0	0.49261385202408	0.50054937601089	0.53851789236069
2.4313089740001	'/videorec/frame'	35
2.488575971	'/minibee/data'	7	1.0	1.0	1.0	1.0	1.0	0.50030523538589	0.50323528051376	0.52606517076492
2.4990241850001	'/videorec/frame'	36
2.5524317940001	'/minibee/data'	7	1.0	1.0	1.0	1.0	1.0	0.50701987743378	0.50433403253555	0.51410084962845
2.569722515	'/videorec/frame'	37
2.61642938	'/minibee/data'	7	1.0	1.0	1.0	1.0	1.0	0.51532167196274	0.50335735082626	0.50286900997162
2.637779102	'/videorec/frame'	38
2.6801282460001	'/minibee/data'	7	1.0	1.0	1.0	1.0	1.0	0.52020508050919	0.49884018301964	0.49615430831909
2.713079008	'/videorec/frame'	39
2.7441788680001	'/minibee/data'	7	1.0	1.0	1.0	1.0	1.0	0.5235013961792	0.49493345618248	0.49493345618248
2.7791761630001	'/videorec/frame'	40
2.8079955390001	'/minibee/data'	7	1.0	1.0	1.0	1.0	1.0	0.51947259902954	0.49884018301964	0.50054937601089
2.850586667	'/videorec/frame'	41
2.8716797930001	'/minibee/data'	7	1.0	1.0	1.0	1.0	1.0	0.51104873418808	0.50238066911697	0.51153707504272
2.916883271	'/videorec/frame'	42
2.935692129	'/minibee/data'	7	1.0	1.0	1.0	1.0	1.0	0.50054937601089	0.50006103515625	0.52960568666458
2.984412063	'/videorec/frame'	43
2.9993467080001	'/minibee/data'	7	1.0	1.0	1.0	1.0	1.0	0.49468928575516	0.49578806757927	0.54108166694641
3.047154392	'/minibee/data'	7	1.0	1.0	1.0	1.0	1.0	0.4929800927639	0.49444511532784	0.54596507549286
3.0534036920001	'/videorec/frame'	44
3.1111409820001	'/minibee/data'	7	1.0	1.0	1.0	1.0	1.0	0.49468928575516	0.49359053373337	0.54340130090714
3.1307041049999	'/videorec/frame'	45
3.1750679740001	'/minibee/data'	7	1.0	1.0	1.0	1.0	1.0	0.49835184216499	0.49835184216499	0.53509950637817
3.20286416	'/videorec/frame'	46
3.2386994559999	'/minibee/data'	7	1.0	1.0	1.0	1.0	1.0	0.50018310546875	0.50018310546875	0.52923941612244
3.2683014260001	'/videorec/frame'	47
