0.00077301500004978	'/videorec/record/start'	'conceptors_171127_141814_3.avi'
0.0081558530000621	'/minibee/data'	7	1.0	1.0	1.0	1.0	1.0	0.50665366649628	0.48882919549942	0.51959466934204
0.052606527999842	'/videorec/frame'	0
0.072141232999911	'/minibee/data'	7	1.0	1.0	1.0	1.0	1.0	0.51153707504272	0.49481138586998	0.51666462421417
0.11308707399985	'/videorec/frame'	1
0.13580967899998	'/minibee/data'	7	1.0	1.0	1.0	1.0	1.0	0.51825171709061	0.50701987743378	0.52838480472565
0.17882996399999	'/videorec/frame'	2
0.19985912499988	'/minibee/data'	7	1.0	1.0	1.0	1.0	1.0	0.51837384700775	0.52044928073883	0.51336830854416
0.23566768199998	'/videorec/frame'	3
0.26374114400005	'/minibee/data'	7	1.0	1.0	1.0	1.0	1.0	0.50689780712128	0.58552068471909	0.45891833305359
0.29936293399987	'/videorec/frame'	4
0.32768698699988	'/minibee/data'	7	1.0	1.0	1.0	1.0	1.0	0.49554389715195	0.57599806785583	0.50347942113876
0.35926014100005	'/videorec/frame'	5
0.39137840700005	'/minibee/data'	7	1.0	1.0	1.0	1.0	1.0	0.48724210262299	0.55280184745789	0.50775241851807
0.4174733719999	'/videorec/frame'	6
0.45534424699986	'/minibee/data'	7	1.0	1.0	1.0	1.0	1.0	0.48724210262299	0.52240264415741	0.5049444437027
0.47917764699991	'/videorec/frame'	7
0.51913548699986	'/minibee/data'	7	1.0	1.0	1.0	1.0	1.0	0.49749726057053	0.47930654883385	0.48797461390495
0.53242017499997	'/videorec/frame'	8
0.58286264599997	'/minibee/data'	7	1.0	1.0	1.0	1.0	1.0	0.52679771184921	0.46575510501862	0.47845196723938
0.59267810999995	'/videorec/frame'	9
0.64657364899995	'/minibee/data'	7	1.0	1.0	1.0	1.0	1.0	0.52606517076492	0.51507753133774	0.44744232296944
0.65385263999997	'/videorec/frame'	10
0.71046924100006	'/minibee/data'	7	1.0	1.0	1.0	1.0	1.0	0.51300209760666	0.54950553178787	0.46722012758255
0.71806585099989	'/videorec/frame'	11
0.77444036899988	'/minibee/data'	7	1.0	1.0	1.0	1.0	1.0	0.48187035322189	0.50775241851807	0.51556587219238
0.78073745799998	'/videorec/frame'	12
0.83418878499992	'/videorec/frame'	13
0.83819004899988	'/minibee/data'	7	1.0	1.0	1.0	1.0	1.0	0.46197044849396	0.48492246866226	0.54657548666
0.89942601799999	'/videorec/frame'	14
0.90222860699987	'/minibee/data'	7	1.0	1.0	1.0	1.0	1.0	0.48125991225243	0.45501160621643	0.53107070922852
0.95881755799996	'/videorec/frame'	15
0.96611543999984	'/minibee/data'	7	1.0	1.0	1.0	1.0	1.0	0.50262480974197	0.47137102484703	0.5138566493988
1.0198260499999	'/videorec/frame'	16
1.0299089129999	'/minibee/data'	7	1.0	1.0	1.0	1.0	1.0	0.47845196723938	0.47149309515953	0.53400075435638
1.0724682380001	'/videorec/frame'	17
1.0934844209999	'/minibee/data'	7	1.0	1.0	1.0	1.0	1.0	0.48919546604156	0.50189232826233	0.50885117053986
1.133450692	'/videorec/frame'	18
1.157737257	'/minibee/data'	7	1.0	1.0	1.0	1.0	1.0	0.50006103515625	0.48125991225243	0.52167010307312
1.1989806419999	'/videorec/frame'	19
1.2056428609999	'/minibee/data'	7	1.0	1.0	1.0	1.0	1.0	0.51495546102524	0.49005004763603	0.49529972672462
1.2669035399999	'/videorec/frame'	20
1.269182945	'/minibee/data'	7	1.0	1.0	1.0	1.0	1.0	0.5233793258667	0.49798560142517	0.48712000250816
1.3330895869999	'/minibee/data'	7	1.0	1.0	1.0	1.0	1.0	0.53131484985352	0.51471126079559	0.49957269430161
1.338965421	'/videorec/frame'	21
1.3968885279999	'/minibee/data'	7	1.0	1.0	1.0	1.0	1.0	0.50274693965912	0.55280184745789	0.50982785224915
1.40586809	'/videorec/frame'	22
1.4608268449999	'/minibee/data'	7	1.0	1.0	1.0	1.0	1.0	0.51971673965454	0.60517638921738	0.47955071926117
1.4789737649999	'/videorec/frame'	23
1.5247098509999	'/minibee/data'	7	1.0	1.0	1.0	1.0	1.0	0.5090953707695	0.47515565156937	0.51458919048309
1.5405937	'/videorec/frame'	24
1.588404629	'/minibee/data'	7	1.0	1.0	1.0	1.0	1.0	0.50103771686554	0.45781955122948	0.54474425315857
1.6123543679998	'/videorec/frame'	25
1.6522062479999	'/minibee/data'	7	1.0	1.0	1.0	1.0	1.0	0.50274693965912	0.50543278455734	0.53351241350174
1.68643382	'/videorec/frame'	26
1.716423048	'/minibee/data'	7	1.0	1.0	1.0	1.0	1.0	0.48797461390495	0.49273592233658	0.52826273441315
1.758863925	'/videorec/frame'	27
1.780103004	'/minibee/data'	7	1.0	1.0	1.0	1.0	1.0	0.50860702991486	0.50054937601089	0.51141494512558
1.826822923	'/videorec/frame'	28
1.8440765799999	'/minibee/data'	7	1.0	1.0	1.0	1.0	1.0	0.52691978216171	0.50030523538589	0.48199242353439
1.8991116489999	'/videorec/frame'	29
1.907552654	'/minibee/data'	7	1.0	1.0	1.0	1.0	1.0	0.52545475959778	0.50885117053986	0.48919546604156
1.9682011519999	'/videorec/frame'	30
1.9717638749999	'/minibee/data'	7	1.0	1.0	1.0	1.0	1.0	0.52289098501205	0.53534364700317	0.49603223800659
2.0354416149999	'/minibee/data'	7	1.0	1.0	1.0	1.0	1.0	0.5191063284874	0.52862900495529	0.50518864393234
2.0378101899998	'/videorec/frame'	31
2.099231314	'/minibee/data'	7	1.0	1.0	1.0	1.0	1.0	0.5235013961792	0.53107070922852	0.50531071424484
2.100906502	'/videorec/frame'	32
2.163303544	'/minibee/data'	7	1.0	1.0	1.0	1.0	1.0	0.52460014820099	0.52923941612244	0.49749726057053
2.1785274819999	'/videorec/frame'	33
2.2269971119999	'/minibee/data'	7	1.0	1.0	1.0	1.0	1.0	0.52203637361526	0.52875107526779	0.49407887458801
2.2470477729998	'/videorec/frame'	34
2.290779248	'/minibee/data'	7	1.0	1.0	1.0	1.0	1.0	0.5235013961792	0.52557682991028	0.49236968159676
2.320764543	'/videorec/frame'	35
